## ITERATION 0 ##
SOLUTION:
	Solution: [54, 49, 27, 17, 33, 26, 50, 19, 31, 37, 58, 32, 18, 48, 40, 16, 58, 63, 52, 58, 20, 47, 58, 44, 30, 6, 28, 39, 58, 62]
	Fitness: 2.295

## ITERATION 1 ##
SOLUTION:
	Solution: [54, 49, 27, 17, 33, 39, 50, 19, 31, 37, 58, 32, 18, 48, 40, 16, 58, 63, 52, 58, 14, 47, 58, 44, 30, 6, 28, 39, 58, 62]
	Fitness: 2.296

## ITERATION 2 ##
SOLUTION:
	Solution: [54, 49, 27, 17, 33, 39, 50, 19, 31, 37, 58, 46, 18, 48, 40, 16, 58, 63, 52, 58, 14, 47, 58, 44, 30, 6, 28, 39, 58, 62]
	Fitness: 2.297

## ITERATION 3 ##
SOLUTION:
	Solution: [54, 52, 27, 17, 33, 39, 50, 19, 31, 37, 58, 46, 18, 48, 40, 21, 58, 63, 52, 60, 14, 47, 58, 44, 30, 0, 28, 39, 58, 62]
	Fitness: 2.311

## ITERATION 4 ##
SOLUTION:
	Solution: [54, 47, 27, 17, 33, 39, 50, 19, 31, 11, 58, 46, 18, 48, 40, 21, 58, 63, 52, 61, 14, 47, 58, 44, 30, 0, 28, 39, 58, 62]
	Fitness: 2.284

## ITERATION 5 ##
SOLUTION:
	Solution: [54, 47, 27, 17, 46, 39, 35, 19, 31, 11, 58, 46, 18, 48, 40, 21, 58, 63, 52, 37, 14, 47, 58, 44, 30, 0, 28, 39, 58, 62]
	Fitness: 1.372

## ITERATION 6 ##
SOLUTION:
	Solution: [54, 47, 27, 17, 46, 39, 35, 19, 31, 11, 58, 46, 18, 48, 40, 21, 58, 63, 52, 37, 14, 47, 58, 44, 30, 0, 28, 39, 58, 62]
	Fitness: 1.372

## ITERATION 7 ##
SOLUTION:
	Solution: [54, 47, 27, 10, 46, 39, 35, 19, 31, 11, 58, 46, 18, 8, 40, 21, 58, 63, 52, 49, 14, 47, 58, 44, 30, 0, 28, 39, 58, 33]
	Fitness: 1.294

## ITERATION 8 ##
SOLUTION:
	Solution: [54, 47, 27, 10, 21, 39, 35, 19, 31, 11, 58, 46, 7, 8, 34, 21, 58, 64, 52, 49, 14, 47, 58, 44, 30, 0, 28, 39, 58, 33]
	Fitness: 1.287

## ITERATION 9 ##
SOLUTION:
	Solution: [54, 47, 27, 10, 21, 39, 35, 19, 31, 11, 58, 46, 7, 8, 34, 21, 58, 64, 52, 49, 14, 47, 58, 44, 30, 0, 28, 39, 58, 33]
	Fitness: 1.287

## ITERATION 10 ##
SOLUTION:
	Solution: [54, 47, 27, 10, 21, 39, 35, 19, 31, 11, 58, 46, 7, 8, 34, 21, 58, 64, 52, 49, 14, 21, 58, 44, 30, 0, 28, 39, 21, 33]
	Fitness: 1.278

## ITERATION 11 ##
SOLUTION:
	Solution: [54, 3, 27, 10, 21, 39, 35, 19, 31, 11, 58, 46, 7, 8, 34, 21, 58, 64, 52, 49, 14, 21, 58, 44, 30, 0, 28, 39, 21, 15]
	Fitness: 1.339

## ITERATION 12 ##
SOLUTION:
	Solution: [54, 33, 27, 10, 21, 39, 42, 19, 31, 11, 12, 46, 7, 8, 34, 21, 58, 64, 52, 49, 14, 20, 58, 48, 30, 0, 28, 39, 21, 15]
	Fitness: 1.266

## ITERATION 13 ##
SOLUTION:
	Solution: [54, 33, 27, 10, 21, 39, 42, 19, 31, 11, 12, 46, 7, 8, 34, 21, 58, 64, 52, 49, 14, 20, 58, 48, 4, 0, 28, 39, 21, 15]
	Fitness: 1.282

## ITERATION 14 ##
SOLUTION:
	Solution: [54, 50, 27, 10, 21, 39, 42, 19, 31, 11, 12, 46, 7, 29, 34, 19, 58, 64, 52, 49, 2, 20, 47, 63, 4, 34, 28, 39, 21, 15]
	Fitness: 1.292

## ITERATION 15 ##
SOLUTION:
	Solution: [45, 53, 27, 10, 21, 39, 42, 19, 31, 11, 12, 46, 7, 29, 34, 19, 58, 64, 52, 49, 2, 20, 47, 63, 4, 34, 28, 39, 6, 3]
	Fitness: 1.274

## ITERATION 16 ##
SOLUTION:
	Solution: [45, 53, 27, 10, 21, 39, 42, 19, 31, 11, 12, 46, 7, 29, 34, 19, 58, 64, 52, 49, 2, 20, 47, 63, 4, 34, 28, 39, 6, 3]
	Fitness: 1.274

## ITERATION 17 ##
SOLUTION:
	Solution: [45, 53, 27, 24, 21, 27, 42, 19, 31, 11, 12, 46, 7, 29, 34, 19, 58, 64, 52, 49, 1, 20, 47, 63, 4, 34, 28, 39, 6, 3]
	Fitness: 1.284

## ITERATION 18 ##
SOLUTION:
	Solution: [45, 53, 27, 24, 21, 27, 42, 19, 31, 11, 12, 46, 7, 29, 34, 19, 58, 64, 52, 49, 1, 20, 47, 63, 4, 34, 28, 39, 6, 3]
	Fitness: 1.284

## ITERATION 19 ##
SOLUTION:
	Solution: [45, 53, 27, 24, 21, 27, 42, 19, 31, 11, 12, 46, 7, 29, 34, 19, 58, 64, 52, 49, 1, 20, 47, 63, 4, 34, 28, 39, 6, 3]
	Fitness: 1.284

## ITERATION 20 ##
SOLUTION:
	Solution: [45, 53, 27, 24, 21, 27, 42, 19, 31, 11, 12, 46, 6, 29, 16, 28, 58, 64, 52, 49, 1, 20, 47, 63, 4, 34, 28, 39, 6, 3]
	Fitness: 1.272

## ITERATION 21 ##
SOLUTION:
	Solution: [45, 53, 27, 24, 21, 27, 42, 19, 31, 11, 12, 46, 6, 29, 16, 28, 58, 64, 52, 49, 1, 20, 47, 63, 4, 34, 28, 39, 6, 3]
	Fitness: 1.272

## ITERATION 22 ##
SOLUTION:
	Solution: [45, 53, 27, 24, 21, 27, 42, 19, 31, 11, 12, 46, 6, 29, 16, 28, 58, 64, 52, 49, 1, 20, 47, 63, 4, 34, 28, 39, 6, 3]
	Fitness: 1.272

## ITERATION 23 ##
SOLUTION:
	Solution: [45, 53, 27, 24, 21, 27, 42, 19, 31, 11, 12, 46, 6, 29, 16, 28, 58, 64, 52, 49, 1, 20, 47, 63, 4, 34, 28, 39, 6, 3]
	Fitness: 1.272

## ITERATION 24 ##
SOLUTION:
	Solution: [45, 53, 27, 24, 21, 27, 42, 19, 31, 11, 12, 46, 6, 29, 16, 28, 58, 64, 52, 49, 1, 20, 47, 63, 4, 34, 28, 39, 6, 3]
	Fitness: 1.272

## ITERATION 25 ##
SOLUTION:
	Solution: [45, 53, 27, 24, 21, 27, 42, 19, 31, 1, 12, 46, 6, 29, 16, 28, 58, 64, 52, 49, 1, 20, 47, 63, 0, 34, 28, 8, 6, 3]
	Fitness: 1.268

## ITERATION 26 ##
SOLUTION:
	Solution: [45, 53, 27, 24, 21, 27, 42, 19, 31, 1, 12, 46, 6, 29, 51, 28, 58, 34, 52, 49, 1, 20, 47, 63, 0, 34, 47, 8, 6, 3]
	Fitness: 1.282

## ITERATION 27 ##
SOLUTION:
	Solution: [61, 53, 27, 24, 21, 27, 42, 19, 31, 41, 2, 46, 6, 29, 51, 28, 58, 34, 52, 49, 1, 20, 47, 63, 0, 34, 47, 8, 6, 3]
	Fitness: 1.297

## ITERATION 28 ##
SOLUTION:
	Solution: [61, 58, 37, 24, 21, 27, 42, 19, 31, 41, 2, 46, 6, 29, 51, 28, 58, 34, 52, 49, 1, 20, 47, 63, 0, 51, 47, 8, 6, 3]
	Fitness: 1.319

## ITERATION 29 ##
SOLUTION:
	Solution: [61, 58, 37, 8, 6, 27, 42, 19, 31, 41, 2, 46, 6, 29, 51, 28, 58, 34, 52, 49, 1, 20, 47, 63, 0, 51, 47, 8, 6, 3]
	Fitness: 1.305

## ITERATION 30 ##
SOLUTION:
	Solution: [61, 58, 37, 8, 6, 27, 42, 19, 31, 41, 2, 46, 6, 29, 51, 28, 58, 34, 52, 50, 1, 20, 47, 63, 0, 51, 47, 8, 6, 3]
	Fitness: 1.312

## ITERATION 31 ##
SOLUTION:
	Solution: [61, 58, 37, 8, 6, 27, 42, 19, 31, 41, 2, 46, 6, 29, 51, 28, 58, 34, 52, 50, 1, 20, 47, 63, 0, 51, 47, 8, 6, 3]
	Fitness: 1.312

## ITERATION 32 ##
SOLUTION:
	Solution: [61, 58, 18, 8, 6, 56, 42, 19, 31, 41, 2, 46, 6, 29, 51, 28, 58, 11, 52, 50, 1, 20, 57, 63, 0, 51, 47, 8, 6, 7]
	Fitness: 1.296

## ITERATION 33 ##
SOLUTION:
	Solution: [61, 58, 18, 8, 6, 56, 42, 19, 31, 41, 8, 46, 25, 29, 55, 28, 58, 11, 52, 50, 1, 20, 57, 63, 0, 51, 47, 7, 6, 7]
	Fitness: 1.295

## ITERATION 34 ##
SOLUTION:
	Solution: [61, 58, 18, 8, 6, 56, 42, 19, 31, 41, 8, 46, 25, 29, 55, 28, 58, 11, 52, 50, 1, 20, 57, 63, 0, 51, 47, 7, 6, 7]
	Fitness: 1.295

## ITERATION 35 ##
SOLUTION:
	Solution: [61, 55, 18, 8, 6, 14, 42, 19, 31, 41, 8, 57, 25, 29, 55, 55, 58, 11, 44, 50, 1, 20, 57, 63, 0, 51, 47, 7, 6, 7]
	Fitness: 1.3

## ITERATION 36 ##
SOLUTION:
	Solution: [61, 36, 18, 8, 6, 14, 42, 19, 31, 41, 8, 63, 20, 29, 55, 61, 58, 31, 44, 50, 1, 20, 57, 59, 0, 51, 47, 7, 6, 7]
	Fitness: 1.281

## ITERATION 37 ##
SOLUTION:
	Solution: [61, 36, 18, 8, 6, 14, 42, 19, 31, 41, 8, 63, 20, 29, 55, 62, 58, 31, 33, 50, 1, 20, 57, 61, 0, 51, 47, 7, 6, 7]
	Fitness: 1.3

## ITERATION 38 ##
SOLUTION:
	Solution: [61, 36, 18, 8, 6, 14, 42, 19, 31, 41, 8, 63, 20, 29, 55, 62, 58, 31, 33, 50, 1, 20, 57, 61, 0, 51, 47, 7, 6, 22]
	Fitness: 1.265

## ITERATION 39 ##
SOLUTION:
	Solution: [61, 36, 18, 8, 6, 14, 42, 19, 31, 41, 8, 63, 20, 29, 55, 62, 58, 31, 33, 50, 1, 20, 57, 61, 0, 51, 47, 7, 6, 22]
	Fitness: 1.265

## ITERATION 40 ##
SOLUTION:
	Solution: [61, 36, 18, 8, 6, 14, 42, 19, 31, 41, 8, 63, 20, 29, 55, 62, 58, 31, 33, 50, 1, 20, 57, 61, 0, 51, 47, 7, 6, 22]
	Fitness: 1.265

## ITERATION 41 ##
SOLUTION:
	Solution: [61, 54, 18, 8, 6, 14, 42, 19, 31, 41, 8, 63, 6, 29, 55, 62, 58, 31, 37, 50, 1, 20, 57, 61, 0, 51, 47, 7, 6, 22]
	Fitness: 1.27

## ITERATION 42 ##
SOLUTION:
	Solution: [61, 54, 18, 1, 6, 14, 42, 19, 31, 41, 8, 63, 6, 29, 55, 62, 58, 52, 37, 50, 1, 20, 57, 61, 0, 51, 1, 7, 6, 22]
	Fitness: 1.29

## ITERATION 43 ##
SOLUTION:
	Solution: [61, 54, 18, 1, 11, 14, 42, 19, 31, 41, 8, 63, 6, 29, 55, 62, 58, 52, 37, 50, 1, 20, 57, 61, 0, 51, 1, 7, 6, 22]
	Fitness: 1.282

## ITERATION 44 ##
SOLUTION:
	Solution: [61, 54, 18, 1, 11, 14, 42, 19, 31, 41, 8, 63, 6, 29, 55, 62, 58, 52, 37, 50, 1, 20, 57, 61, 0, 51, 0, 7, 6, 22]
	Fitness: 1.274

## ITERATION 45 ##
SOLUTION:
	Solution: [61, 54, 14, 0, 11, 14, 42, 19, 31, 58, 8, 37, 6, 29, 55, 62, 58, 52, 37, 50, 1, 20, 57, 61, 0, 51, 0, 49, 6, 22]
	Fitness: 1.3

## ITERATION 46 ##
SOLUTION:
	Solution: [61, 54, 14, 0, 11, 14, 42, 19, 31, 58, 8, 37, 6, 29, 55, 62, 58, 52, 37, 50, 1, 20, 57, 61, 16, 45, 0, 49, 6, 22]
	Fitness: 1.253

## ITERATION 47 ##
SOLUTION:
	Solution: [61, 54, 14, 0, 11, 14, 42, 19, 31, 58, 8, 37, 6, 29, 55, 62, 58, 52, 37, 50, 1, 20, 57, 61, 16, 45, 0, 49, 6, 22]
	Fitness: 1.253

## ITERATION 48 ##
SOLUTION:
	Solution: [61, 54, 14, 0, 11, 14, 42, 19, 31, 58, 8, 37, 2, 29, 55, 62, 58, 52, 37, 50, 1, 20, 57, 61, 16, 45, 0, 49, 6, 22]
	Fitness: 1.25

## ITERATION 49 ##
SOLUTION:
	Solution: [61, 54, 14, 0, 11, 14, 42, 19, 31, 58, 8, 19, 2, 29, 55, 62, 58, 64, 37, 50, 1, 20, 57, 64, 16, 40, 0, 49, 6, 22]
	Fitness: 1.251

## ITERATION 50 ##
SOLUTION:
	Solution: [61, 61, 14, 0, 11, 14, 42, 19, 31, 58, 8, 19, 2, 29, 27, 62, 58, 64, 37, 50, 1, 18, 57, 64, 16, 40, 0, 49, 3, 22]
	Fitness: 1.253

## ITERATION 51 ##
SOLUTION:
	Solution: [61, 61, 14, 0, 11, 14, 42, 19, 31, 58, 8, 19, 2, 29, 27, 62, 58, 64, 37, 50, 1, 18, 57, 64, 16, 40, 0, 49, 3, 22]
	Fitness: 1.253

## ITERATION 52 ##
SOLUTION:
	Solution: [61, 61, 14, 0, 11, 14, 42, 19, 31, 58, 8, 19, 2, 48, 27, 62, 58, 64, 37, 50, 1, 18, 57, 64, 16, 40, 0, 49, 54, 22]
	Fitness: 1.249

## ITERATION 53 ##
SOLUTION:
	Solution: [61, 61, 14, 27, 11, 14, 42, 19, 31, 58, 8, 33, 2, 48, 27, 62, 58, 64, 37, 50, 1, 18, 57, 64, 16, 40, 0, 49, 54, 22]
	Fitness: 1.247

## ITERATION 54 ##
SOLUTION:
	Solution: [61, 61, 14, 27, 29, 14, 42, 19, 31, 58, 8, 33, 17, 48, 27, 62, 58, 64, 37, 50, 1, 9, 57, 64, 16, 40, 0, 49, 54, 22]
	Fitness: 1.242

## ITERATION 55 ##
SOLUTION:
	Solution: [61, 61, 14, 27, 29, 14, 42, 19, 31, 31, 8, 33, 17, 48, 27, 8, 58, 64, 37, 50, 1, 9, 57, 64, 16, 40, 0, 49, 54, 22]
	Fitness: 1.232

## ITERATION 56 ##
SOLUTION:
	Solution: [61, 61, 13, 27, 29, 14, 42, 19, 31, 11, 8, 33, 17, 48, 27, 8, 58, 64, 37, 50, 1, 9, 57, 64, 16, 40, 0, 49, 54, 22]
	Fitness: 1.227

## ITERATION 57 ##
SOLUTION:
	Solution: [61, 61, 13, 27, 29, 14, 42, 19, 31, 11, 8, 33, 17, 48, 27, 8, 58, 64, 37, 50, 18, 9, 57, 41, 16, 40, 0, 60, 54, 22]
	Fitness: 1.228

## ITERATION 58 ##
SOLUTION:
	Solution: [61, 61, 13, 63, 35, 14, 42, 19, 31, 11, 8, 33, 17, 48, 27, 8, 58, 64, 37, 50, 18, 9, 57, 41, 16, 40, 0, 60, 54, 22]
	Fitness: 1.229

## ITERATION 59 ##
SOLUTION:
	Solution: [61, 61, 13, 63, 35, 14, 42, 19, 31, 11, 8, 33, 17, 48, 27, 8, 58, 64, 37, 50, 18, 9, 57, 41, 16, 40, 0, 60, 54, 22]
	Fitness: 1.229

## ITERATION 60 ##
SOLUTION:
	Solution: [61, 61, 13, 63, 35, 14, 42, 19, 31, 11, 8, 33, 17, 48, 3, 29, 58, 64, 37, 50, 18, 9, 57, 35, 16, 40, 0, 60, 56, 22]
	Fitness: 1.245

## ITERATION 61 ##
SOLUTION:
	Solution: [61, 61, 13, 63, 35, 40, 42, 19, 31, 11, 8, 33, 17, 48, 3, 29, 58, 64, 50, 3, 18, 9, 57, 35, 16, 40, 0, 60, 56, 22]
	Fitness: 1.26

## ITERATION 62 ##
SOLUTION:
	Solution: [52, 61, 13, 63, 35, 29, 42, 19, 31, 11, 4, 33, 17, 48, 3, 11, 58, 64, 50, 3, 18, 9, 57, 35, 16, 40, 0, 60, 56, 22]
	Fitness: 1.262

## ITERATION 63 ##
SOLUTION:
	Solution: [44, 61, 13, 63, 35, 8, 42, 19, 31, 11, 4, 26, 17, 48, 3, 11, 58, 64, 54, 3, 18, 9, 57, 35, 16, 40, 0, 62, 56, 22]
	Fitness: 1.242

## ITERATION 64 ##
SOLUTION:
	Solution: [44, 61, 13, 63, 35, 8, 42, 19, 31, 11, 4, 26, 17, 48, 3, 11, 58, 64, 54, 3, 18, 9, 57, 35, 16, 40, 0, 62, 56, 22]
	Fitness: 1.242

## ITERATION 65 ##
SOLUTION:
	Solution: [44, 61, 13, 63, 35, 8, 42, 19, 31, 11, 4, 26, 17, 48, 3, 11, 58, 64, 54, 3, 18, 9, 57, 35, 16, 40, 0, 62, 56, 22]
	Fitness: 1.242

## ITERATION 66 ##
SOLUTION:
	Solution: [44, 61, 13, 63, 35, 8, 42, 19, 31, 11, 4, 26, 17, 48, 3, 11, 58, 64, 54, 3, 18, 9, 57, 35, 16, 40, 0, 62, 56, 22]
	Fitness: 1.242

## ITERATION 67 ##
SOLUTION:
	Solution: [44, 61, 13, 63, 35, 8, 42, 19, 31, 11, 4, 26, 48, 48, 3, 11, 58, 64, 54, 3, 18, 9, 57, 35, 16, 40, 0, 62, 27, 22]
	Fitness: 1.223

## ITERATION 68 ##
SOLUTION:
	Solution: [17, 61, 9, 63, 35, 8, 42, 19, 31, 11, 4, 26, 48, 48, 3, 11, 58, 64, 46, 3, 18, 37, 57, 35, 16, 40, 0, 62, 27, 22]
	Fitness: 1.23

## ITERATION 69 ##
SOLUTION:
	Solution: [17, 61, 9, 63, 35, 8, 42, 19, 31, 11, 4, 33, 48, 48, 3, 11, 58, 64, 46, 3, 18, 37, 57, 35, 16, 40, 0, 62, 27, 22]
	Fitness: 1.23

## ITERATION 70 ##
SOLUTION:
	Solution: [17, 30, 9, 63, 35, 8, 42, 19, 31, 11, 4, 33, 38, 48, 3, 11, 58, 64, 46, 3, 9, 37, 57, 35, 16, 40, 0, 62, 27, 22]
	Fitness: 1.242

## ITERATION 71 ##
SOLUTION:
	Solution: [17, 30, 9, 63, 35, 8, 42, 19, 20, 11, 4, 33, 38, 48, 3, 11, 58, 64, 46, 3, 9, 37, 57, 35, 14, 40, 0, 62, 27, 22]
	Fitness: 1.24

## ITERATION 72 ##
SOLUTION:
	Solution: [17, 30, 9, 63, 35, 8, 42, 19, 20, 11, 4, 33, 38, 48, 3, 11, 58, 64, 46, 3, 9, 37, 57, 35, 14, 40, 0, 62, 27, 22]
	Fitness: 1.24

## ITERATION 73 ##
SOLUTION:
	Solution: [17, 30, 9, 63, 35, 8, 42, 19, 20, 11, 4, 33, 38, 48, 3, 11, 58, 64, 46, 3, 9, 37, 57, 35, 14, 40, 0, 62, 27, 22]
	Fitness: 1.24

## ITERATION 74 ##
SOLUTION:
	Solution: [17, 30, 9, 63, 35, 8, 42, 19, 20, 11, 4, 33, 38, 48, 3, 11, 58, 64, 46, 3, 9, 50, 57, 35, 14, 40, 0, 62, 27, 6]
	Fitness: 1.241

## ITERATION 75 ##
SOLUTION:
	Solution: [17, 30, 9, 63, 35, 8, 42, 19, 20, 11, 4, 33, 38, 48, 3, 11, 58, 64, 46, 3, 9, 50, 57, 35, 14, 40, 0, 62, 27, 6]
	Fitness: 1.241

## ITERATION 76 ##
SOLUTION:
	Solution: [55, 30, 9, 63, 35, 8, 8, 19, 20, 11, 4, 33, 38, 21, 22, 11, 58, 64, 46, 3, 9, 50, 57, 35, 14, 40, 0, 62, 27, 6]
	Fitness: 1.252

## ITERATION 77 ##
SOLUTION:
	Solution: [55, 30, 9, 63, 35, 8, 8, 19, 20, 11, 4, 33, 38, 21, 22, 11, 58, 64, 46, 3, 9, 50, 57, 35, 14, 40, 0, 62, 27, 6]
	Fitness: 1.252

## ITERATION 78 ##
SOLUTION:
	Solution: [55, 30, 9, 63, 35, 8, 8, 19, 20, 11, 4, 33, 38, 21, 22, 11, 58, 64, 46, 3, 9, 50, 57, 35, 14, 40, 0, 62, 27, 6]
	Fitness: 1.252

## ITERATION 79 ##
SOLUTION:
	Solution: [55, 30, 9, 63, 35, 8, 8, 19, 20, 11, 4, 33, 38, 21, 22, 11, 58, 64, 46, 3, 9, 50, 57, 35, 14, 40, 0, 62, 27, 6]
	Fitness: 1.252

## ITERATION 80 ##
SOLUTION:
	Solution: [55, 30, 9, 63, 35, 8, 8, 19, 20, 11, 4, 33, 35, 21, 11, 11, 58, 64, 46, 3, 9, 17, 57, 42, 14, 40, 0, 62, 27, 6]
	Fitness: 1.253

## ITERATION 81 ##
SOLUTION:
	Solution: [55, 30, 9, 63, 35, 8, 8, 19, 20, 11, 4, 33, 35, 21, 11, 11, 58, 64, 46, 3, 9, 17, 57, 42, 14, 40, 0, 62, 27, 6]
	Fitness: 1.253

## ITERATION 82 ##
SOLUTION:
	Solution: [55, 30, 9, 63, 35, 8, 8, 19, 20, 11, 4, 33, 35, 21, 11, 11, 58, 64, 46, 3, 9, 17, 57, 42, 14, 40, 0, 62, 27, 6]
	Fitness: 1.253

## ITERATION 83 ##
SOLUTION:
	Solution: [55, 30, 9, 63, 35, 8, 8, 6, 20, 11, 4, 33, 35, 21, 11, 11, 58, 64, 46, 3, 9, 17, 57, 42, 35, 40, 0, 62, 27, 6]
	Fitness: 1.235

## ITERATION 84 ##
SOLUTION:
	Solution: [55, 30, 9, 63, 35, 8, 8, 6, 20, 11, 4, 33, 35, 21, 11, 11, 58, 64, 46, 3, 9, 17, 57, 42, 35, 40, 0, 62, 27, 6]
	Fitness: 1.235

## ITERATION 85 ##
SOLUTION:
	Solution: [55, 30, 9, 63, 35, 8, 8, 6, 20, 11, 4, 33, 35, 21, 11, 11, 58, 64, 46, 3, 9, 17, 57, 42, 35, 40, 0, 62, 27, 6]
	Fitness: 1.235

## ITERATION 86 ##
SOLUTION:
	Solution: [55, 30, 9, 63, 35, 8, 8, 6, 20, 11, 4, 33, 35, 21, 11, 11, 58, 64, 46, 3, 9, 17, 57, 42, 35, 40, 0, 62, 27, 6]
	Fitness: 1.235

## ITERATION 87 ##
SOLUTION:
	Solution: [55, 30, 9, 63, 35, 8, 8, 6, 20, 11, 4, 33, 35, 21, 11, 11, 58, 64, 46, 3, 9, 17, 57, 42, 35, 40, 0, 62, 27, 6]
	Fitness: 1.235

## ITERATION 88 ##
SOLUTION:
	Solution: [55, 30, 9, 63, 35, 8, 8, 6, 20, 11, 4, 33, 35, 21, 11, 11, 58, 64, 46, 3, 9, 17, 57, 42, 35, 40, 0, 62, 27, 6]
	Fitness: 1.235

## ITERATION 89 ##
SOLUTION:
	Solution: [55, 30, 9, 63, 35, 8, 8, 6, 20, 11, 4, 33, 35, 21, 11, 11, 58, 64, 46, 1, 9, 17, 57, 42, 35, 40, 0, 62, 27, 12]
	Fitness: 1.233

## ITERATION 90 ##
SOLUTION:
	Solution: [55, 30, 9, 63, 35, 8, 8, 6, 20, 11, 4, 33, 35, 21, 11, 11, 58, 64, 46, 1, 9, 17, 57, 42, 35, 40, 0, 62, 27, 12]
	Fitness: 1.233

## ITERATION 91 ##
SOLUTION:
	Solution: [56, 30, 9, 63, 35, 8, 8, 6, 20, 11, 4, 33, 35, 21, 11, 11, 58, 64, 46, 1, 9, 17, 57, 43, 35, 40, 0, 51, 27, 12]
	Fitness: 1.255

## ITERATION 92 ##
SOLUTION:
	Solution: [56, 30, 27, 63, 35, 8, 8, 6, 20, 11, 4, 33, 35, 21, 11, 11, 58, 64, 46, 1, 9, 17, 57, 43, 36, 40, 0, 51, 27, 12]
	Fitness: 1.246

## ITERATION 93 ##
SOLUTION:
	Solution: [56, 30, 27, 63, 35, 8, 25, 6, 24, 3, 4, 56, 35, 21, 11, 11, 58, 64, 46, 1, 9, 17, 57, 43, 36, 40, 18, 51, 27, 12]
	Fitness: 1.25

## ITERATION 94 ##
SOLUTION:
	Solution: [56, 30, 27, 63, 35, 8, 25, 6, 24, 3, 4, 56, 35, 21, 11, 11, 58, 64, 46, 1, 9, 17, 57, 43, 36, 40, 18, 51, 27, 12]
	Fitness: 1.25

## ITERATION 95 ##
SOLUTION:
	Solution: [56, 30, 27, 63, 35, 8, 25, 6, 24, 3, 4, 56, 35, 21, 11, 11, 58, 64, 46, 1, 9, 17, 57, 43, 36, 40, 18, 51, 27, 12]
	Fitness: 1.25

## ITERATION 96 ##
SOLUTION:
	Solution: [56, 30, 27, 63, 35, 8, 25, 6, 24, 3, 4, 56, 35, 21, 11, 11, 58, 64, 46, 1, 9, 17, 57, 43, 36, 40, 18, 51, 27, 12]
	Fitness: 1.25

## ITERATION 97 ##
SOLUTION:
	Solution: [56, 30, 27, 63, 35, 8, 25, 6, 24, 3, 4, 56, 57, 21, 11, 11, 58, 64, 46, 1, 9, 17, 57, 57, 36, 40, 18, 51, 27, 12]
	Fitness: 1.236

## ITERATION 98 ##
SOLUTION:
	Solution: [56, 30, 27, 63, 35, 8, 25, 6, 24, 3, 4, 56, 57, 21, 11, 11, 58, 64, 46, 1, 9, 17, 57, 57, 36, 40, 18, 51, 27, 12]
	Fitness: 1.236

## ITERATION 99 ##
SOLUTION:
	Solution: [56, 30, 27, 63, 35, 8, 25, 6, 24, 3, 4, 56, 57, 21, 11, 11, 58, 64, 46, 1, 9, 17, 57, 57, 36, 40, 18, 51, 27, 12]
	Fitness: 1.236

## ITERATION 100 ##
SOLUTION:
	Solution: [56, 30, 27, 63, 35, 8, 25, 6, 24, 3, 0, 56, 57, 21, 11, 11, 58, 55, 46, 1, 9, 17, 57, 57, 36, 40, 15, 63, 27, 12]
	Fitness: 1.232

## ITERATION 101 ##
SOLUTION:
	Solution: [56, 30, 27, 63, 35, 8, 25, 6, 24, 3, 0, 56, 57, 21, 11, 11, 58, 55, 46, 1, 9, 17, 57, 57, 36, 40, 15, 63, 27, 12]
	Fitness: 1.232

## ITERATION 102 ##
SOLUTION:
	Solution: [56, 30, 27, 63, 35, 8, 25, 6, 24, 3, 0, 56, 57, 21, 11, 11, 58, 55, 46, 1, 9, 17, 57, 57, 36, 40, 15, 63, 27, 12]
	Fitness: 1.232

## ITERATION 103 ##
SOLUTION:
	Solution: [56, 30, 27, 63, 35, 8, 25, 6, 24, 1, 0, 56, 57, 21, 11, 11, 58, 55, 26, 1, 9, 17, 57, 57, 36, 40, 15, 63, 27, 12]
	Fitness: 1.234

## ITERATION 104 ##
SOLUTION:
	Solution: [56, 30, 27, 63, 35, 8, 25, 6, 24, 1, 0, 56, 57, 21, 11, 11, 58, 55, 26, 1, 9, 17, 57, 57, 36, 40, 15, 63, 27, 12]
	Fitness: 1.234

## ITERATION 105 ##
SOLUTION:
	Solution: [56, 30, 27, 63, 35, 8, 25, 6, 24, 1, 0, 56, 57, 21, 11, 11, 58, 55, 26, 1, 9, 17, 57, 57, 36, 40, 15, 63, 27, 12]
	Fitness: 1.234

## ITERATION 106 ##
SOLUTION:
	Solution: [56, 30, 27, 63, 35, 8, 25, 6, 24, 1, 0, 56, 57, 21, 11, 11, 58, 55, 26, 1, 9, 17, 57, 57, 36, 40, 15, 63, 27, 12]
	Fitness: 1.234

## ITERATION 107 ##
SOLUTION:
	Solution: [56, 30, 27, 63, 35, 1, 25, 6, 24, 1, 0, 56, 57, 21, 11, 11, 58, 55, 26, 1, 9, 17, 57, 57, 36, 40, 15, 63, 27, 12]
	Fitness: 1.233

## ITERATION 108 ##
SOLUTION:
	Solution: [56, 30, 27, 63, 35, 1, 25, 6, 24, 1, 0, 56, 57, 21, 11, 11, 58, 55, 26, 1, 9, 17, 57, 57, 36, 40, 15, 63, 27, 12]
	Fitness: 1.233

## ITERATION 109 ##
SOLUTION:
	Solution: [56, 30, 27, 63, 35, 1, 25, 6, 24, 1, 0, 56, 57, 21, 11, 11, 58, 55, 26, 1, 9, 17, 57, 57, 36, 40, 15, 63, 27, 12]
	Fitness: 1.233

## ITERATION 110 ##
SOLUTION:
	Solution: [56, 30, 27, 63, 35, 1, 25, 6, 24, 1, 0, 56, 57, 21, 11, 11, 58, 55, 26, 1, 9, 17, 57, 57, 36, 40, 15, 63, 27, 12]
	Fitness: 1.233

## ITERATION 111 ##
SOLUTION:
	Solution: [56, 30, 27, 63, 35, 1, 25, 6, 24, 1, 0, 56, 57, 21, 11, 11, 58, 55, 26, 1, 9, 17, 57, 57, 36, 40, 15, 63, 27, 12]
	Fitness: 1.233

## ITERATION 112 ##
SOLUTION:
	Solution: [56, 30, 27, 63, 35, 1, 25, 6, 24, 1, 0, 56, 57, 21, 11, 11, 58, 55, 26, 1, 9, 17, 57, 57, 36, 40, 15, 63, 27, 12]
	Fitness: 1.233

## ITERATION 113 ##
SOLUTION:
	Solution: [56, 30, 27, 63, 35, 1, 25, 6, 24, 1, 0, 56, 57, 21, 11, 11, 58, 55, 26, 1, 9, 17, 57, 57, 36, 40, 15, 63, 27, 12]
	Fitness: 1.233

## ITERATION 114 ##
SOLUTION:
	Solution: [56, 30, 27, 63, 35, 1, 25, 6, 24, 1, 0, 56, 57, 21, 11, 11, 58, 55, 26, 1, 9, 17, 57, 57, 36, 40, 15, 63, 27, 12]
	Fitness: 1.233

## ITERATION 115 ##
SOLUTION:
	Solution: [56, 30, 27, 63, 35, 0, 25, 6, 24, 1, 0, 56, 57, 21, 11, 11, 58, 55, 10, 1, 9, 17, 57, 29, 36, 40, 15, 64, 27, 12]
	Fitness: 1.232

## ITERATION 116 ##
SOLUTION:
	Solution: [56, 30, 27, 63, 35, 0, 25, 6, 24, 1, 0, 56, 57, 21, 11, 11, 58, 55, 10, 1, 9, 17, 57, 29, 36, 40, 15, 64, 27, 12]
	Fitness: 1.232

## ITERATION 117 ##
SOLUTION:
	Solution: [56, 30, 27, 63, 35, 0, 25, 6, 24, 1, 0, 56, 57, 21, 11, 11, 58, 55, 10, 1, 9, 17, 57, 29, 36, 40, 15, 64, 27, 12]
	Fitness: 1.232

## ITERATION 118 ##
SOLUTION:
	Solution: [56, 30, 27, 63, 35, 0, 25, 6, 24, 1, 0, 56, 57, 21, 11, 11, 58, 55, 10, 1, 9, 17, 57, 29, 36, 40, 15, 64, 27, 12]
	Fitness: 1.232

## ITERATION 119 ##
SOLUTION:
	Solution: [56, 30, 27, 63, 35, 0, 25, 6, 24, 1, 0, 56, 57, 21, 11, 11, 58, 55, 10, 1, 9, 17, 57, 29, 36, 40, 15, 64, 27, 12]
	Fitness: 1.232

## ITERATION 120 ##
SOLUTION:
	Solution: [56, 30, 27, 63, 35, 0, 25, 6, 24, 1, 0, 56, 57, 21, 11, 11, 58, 55, 10, 1, 9, 17, 57, 29, 36, 40, 15, 64, 27, 12]
	Fitness: 1.232

## ITERATION 121 ##
SOLUTION:
	Solution: [56, 30, 27, 63, 35, 0, 25, 6, 24, 1, 0, 56, 57, 21, 11, 11, 58, 55, 10, 1, 9, 17, 57, 29, 36, 40, 15, 64, 27, 12]
	Fitness: 1.232

## ITERATION 122 ##
SOLUTION:
	Solution: [56, 30, 27, 63, 35, 0, 25, 6, 24, 1, 0, 56, 57, 21, 11, 11, 58, 55, 10, 1, 9, 17, 57, 29, 36, 40, 15, 64, 27, 12]
	Fitness: 1.232

## ITERATION 123 ##
SOLUTION:
	Solution: [56, 30, 27, 63, 35, 0, 25, 6, 24, 1, 0, 56, 57, 21, 11, 11, 58, 55, 10, 1, 9, 17, 57, 29, 36, 40, 15, 64, 27, 12]
	Fitness: 1.232

## ITERATION 124 ##
SOLUTION:
	Solution: [56, 30, 27, 63, 35, 0, 25, 6, 24, 1, 0, 56, 57, 21, 11, 11, 58, 55, 10, 1, 9, 17, 57, 29, 36, 40, 15, 64, 27, 12]
	Fitness: 1.232

## ITERATION 125 ##
SOLUTION:
	Solution: [56, 30, 27, 63, 35, 0, 25, 6, 24, 1, 0, 56, 57, 21, 11, 11, 58, 55, 10, 1, 9, 17, 57, 29, 36, 40, 15, 64, 27, 12]
	Fitness: 1.232

## ITERATION 126 ##
SOLUTION:
	Solution: [56, 30, 27, 63, 35, 0, 25, 6, 24, 1, 0, 56, 57, 21, 11, 11, 58, 55, 10, 1, 9, 17, 57, 29, 36, 40, 15, 64, 27, 12]
	Fitness: 1.232

## ITERATION 127 ##
SOLUTION:
	Solution: [56, 30, 27, 63, 35, 0, 25, 6, 24, 1, 0, 56, 57, 21, 11, 11, 58, 55, 10, 1, 9, 17, 57, 29, 36, 40, 15, 64, 27, 12]
	Fitness: 1.232

## ITERATION 128 ##
SOLUTION:
	Solution: [56, 30, 27, 63, 35, 0, 25, 6, 24, 1, 0, 56, 57, 21, 11, 11, 58, 55, 10, 1, 9, 17, 57, 29, 36, 40, 15, 64, 27, 12]
	Fitness: 1.232

## ITERATION 129 ##
SOLUTION:
	Solution: [56, 30, 27, 42, 35, 0, 25, 6, 24, 1, 0, 56, 57, 21, 11, 11, 58, 55, 3, 1, 9, 17, 57, 29, 36, 40, 15, 64, 36, 12]
	Fitness: 1.225

## ITERATION 130 ##
SOLUTION:
	Solution: [56, 30, 27, 42, 35, 0, 25, 6, 24, 1, 0, 56, 57, 21, 11, 11, 58, 55, 3, 1, 9, 17, 57, 29, 36, 40, 15, 64, 36, 12]
	Fitness: 1.225

## ITERATION 131 ##
SOLUTION:
	Solution: [56, 30, 27, 42, 35, 0, 25, 6, 24, 1, 0, 56, 57, 21, 11, 11, 58, 55, 3, 1, 9, 17, 57, 29, 36, 40, 15, 64, 36, 12]
	Fitness: 1.225

## ITERATION 132 ##
SOLUTION:
	Solution: [56, 30, 27, 42, 35, 0, 25, 6, 24, 1, 0, 56, 57, 21, 11, 11, 58, 55, 3, 1, 9, 17, 57, 29, 36, 40, 15, 64, 36, 12]
	Fitness: 1.225

## ITERATION 133 ##
SOLUTION:
	Solution: [56, 30, 27, 42, 35, 0, 25, 6, 24, 1, 0, 56, 57, 21, 11, 11, 58, 55, 3, 1, 9, 17, 57, 29, 36, 40, 15, 64, 36, 12]
	Fitness: 1.225

## ITERATION 134 ##
SOLUTION:
	Solution: [56, 30, 27, 42, 35, 10, 25, 6, 24, 1, 17, 56, 57, 21, 11, 11, 58, 55, 3, 11, 9, 17, 57, 29, 21, 40, 15, 55, 36, 12]
	Fitness: 1.221

## ITERATION 135 ##
SOLUTION:
	Solution: [56, 30, 27, 42, 35, 10, 25, 6, 24, 1, 17, 56, 57, 21, 11, 11, 58, 55, 3, 11, 9, 17, 57, 29, 21, 40, 15, 55, 36, 12]
	Fitness: 1.221

## ITERATION 136 ##
SOLUTION:
	Solution: [56, 30, 27, 42, 35, 10, 25, 6, 24, 1, 17, 56, 57, 21, 11, 11, 58, 55, 3, 11, 9, 17, 57, 29, 21, 40, 15, 55, 36, 12]
	Fitness: 1.221

## ITERATION 137 ##
SOLUTION:
	Solution: [56, 30, 27, 42, 35, 10, 25, 6, 24, 1, 17, 56, 57, 21, 11, 11, 58, 55, 3, 11, 9, 17, 57, 29, 21, 40, 15, 55, 36, 12]
	Fitness: 1.221

## ITERATION 138 ##
SOLUTION:
	Solution: [56, 30, 27, 42, 35, 10, 25, 6, 24, 1, 17, 56, 57, 21, 11, 11, 58, 55, 3, 11, 9, 17, 57, 29, 21, 40, 15, 55, 36, 12]
	Fitness: 1.221

## ITERATION 139 ##
SOLUTION:
	Solution: [56, 30, 27, 42, 35, 10, 25, 6, 24, 1, 17, 56, 57, 21, 11, 11, 58, 55, 3, 11, 9, 17, 57, 29, 21, 40, 15, 55, 36, 12]
	Fitness: 1.221

## ITERATION 140 ##
SOLUTION:
	Solution: [56, 30, 27, 42, 35, 10, 25, 6, 24, 1, 17, 56, 57, 21, 11, 11, 58, 55, 3, 11, 9, 17, 57, 29, 21, 40, 15, 55, 36, 12]
	Fitness: 1.221

## ITERATION 141 ##
SOLUTION:
	Solution: [56, 30, 27, 42, 35, 10, 25, 6, 24, 1, 17, 56, 57, 21, 11, 11, 58, 55, 3, 11, 9, 17, 57, 29, 21, 40, 15, 55, 36, 12]
	Fitness: 1.221

## ITERATION 142 ##
SOLUTION:
	Solution: [56, 30, 27, 42, 35, 10, 25, 6, 24, 1, 17, 56, 57, 21, 11, 11, 58, 55, 3, 11, 9, 17, 57, 29, 21, 40, 15, 55, 36, 12]
	Fitness: 1.221

## ITERATION 143 ##
SOLUTION:
	Solution: [56, 30, 27, 42, 35, 10, 25, 6, 24, 1, 17, 56, 57, 21, 11, 11, 58, 55, 3, 11, 9, 17, 57, 29, 21, 40, 15, 55, 36, 12]
	Fitness: 1.221

## ITERATION 144 ##
SOLUTION:
	Solution: [56, 30, 27, 42, 35, 10, 25, 6, 24, 1, 17, 56, 57, 21, 11, 11, 58, 55, 3, 11, 9, 17, 57, 29, 21, 40, 15, 55, 36, 12]
	Fitness: 1.221

## ITERATION 145 ##
SOLUTION:
	Solution: [56, 30, 27, 42, 35, 10, 25, 6, 24, 1, 17, 56, 57, 21, 11, 11, 58, 55, 3, 11, 9, 17, 57, 29, 21, 40, 15, 55, 36, 12]
	Fitness: 1.221

## ITERATION 146 ##
SOLUTION:
	Solution: [56, 30, 27, 42, 35, 10, 25, 6, 24, 1, 17, 56, 57, 21, 11, 11, 58, 55, 3, 11, 9, 17, 57, 29, 21, 40, 15, 55, 36, 12]
	Fitness: 1.221

## ITERATION 147 ##
SOLUTION:
	Solution: [56, 30, 27, 42, 35, 10, 25, 6, 24, 1, 17, 56, 57, 21, 11, 11, 58, 55, 3, 11, 9, 17, 57, 29, 21, 40, 15, 55, 36, 12]
	Fitness: 1.221

## ITERATION 148 ##
SOLUTION:
	Solution: [56, 30, 27, 42, 35, 10, 25, 6, 24, 1, 17, 56, 57, 21, 11, 11, 58, 55, 3, 11, 9, 17, 57, 29, 21, 40, 15, 55, 36, 12]
	Fitness: 1.221

## ITERATION 149 ##
SOLUTION:
	Solution: [56, 30, 27, 42, 35, 10, 25, 6, 24, 1, 17, 56, 57, 21, 11, 11, 58, 55, 3, 11, 9, 17, 57, 29, 21, 40, 15, 55, 36, 12]
	Fitness: 1.221

## ITERATION 150 ##
SOLUTION:
	Solution: [56, 30, 27, 42, 35, 10, 25, 6, 24, 1, 17, 56, 57, 21, 11, 11, 58, 55, 3, 11, 9, 17, 57, 29, 21, 40, 15, 55, 36, 12]
	Fitness: 1.221

## ITERATION 151 ##
SOLUTION:
	Solution: [56, 30, 27, 42, 35, 10, 25, 6, 24, 1, 17, 56, 57, 21, 11, 11, 58, 55, 3, 11, 9, 17, 57, 29, 21, 40, 15, 55, 36, 12]
	Fitness: 1.221

## ITERATION 152 ##
SOLUTION:
	Solution: [56, 30, 27, 42, 35, 10, 25, 6, 24, 1, 17, 56, 57, 21, 11, 11, 58, 55, 3, 11, 9, 17, 57, 29, 21, 40, 15, 55, 36, 12]
	Fitness: 1.221

## ITERATION 153 ##
SOLUTION:
	Solution: [56, 30, 27, 42, 35, 10, 25, 6, 24, 1, 17, 56, 57, 21, 11, 11, 58, 55, 3, 11, 9, 17, 57, 29, 21, 40, 15, 55, 36, 12]
	Fitness: 1.221

## ITERATION 154 ##
SOLUTION:
	Solution: [56, 30, 27, 42, 35, 10, 25, 6, 24, 1, 17, 56, 57, 21, 11, 11, 58, 55, 3, 11, 9, 17, 57, 29, 21, 40, 15, 55, 36, 12]
	Fitness: 1.221

## ITERATION 155 ##
SOLUTION:
	Solution: [56, 30, 27, 42, 35, 10, 25, 6, 24, 1, 17, 56, 57, 21, 9, 11, 58, 43, 3, 11, 9, 17, 57, 46, 21, 40, 15, 55, 36, 12]
	Fitness: 1.219

## ITERATION 156 ##
SOLUTION:
	Solution: [56, 30, 27, 42, 35, 10, 25, 6, 24, 1, 17, 56, 57, 21, 9, 11, 58, 43, 3, 11, 9, 17, 57, 46, 21, 40, 15, 55, 36, 12]
	Fitness: 1.219

## ITERATION 157 ##
SOLUTION:
	Solution: [56, 30, 27, 42, 35, 10, 25, 6, 24, 1, 17, 56, 57, 21, 9, 11, 58, 43, 3, 11, 9, 17, 57, 46, 21, 40, 15, 55, 36, 12]
	Fitness: 1.219

## ITERATION 158 ##
SOLUTION:
	Solution: [56, 30, 27, 42, 35, 10, 25, 6, 24, 1, 17, 56, 57, 21, 9, 11, 58, 43, 3, 11, 9, 17, 57, 46, 21, 40, 15, 55, 36, 12]
	Fitness: 1.219

## ITERATION 159 ##
SOLUTION:
	Solution: [56, 30, 27, 42, 35, 10, 25, 6, 24, 1, 17, 56, 57, 21, 9, 11, 58, 43, 3, 11, 9, 17, 57, 46, 21, 40, 15, 55, 36, 12]
	Fitness: 1.219

## ITERATION 160 ##
SOLUTION:
	Solution: [56, 30, 27, 42, 35, 10, 25, 6, 24, 1, 17, 56, 57, 21, 9, 11, 58, 43, 3, 11, 9, 17, 57, 46, 21, 40, 15, 55, 36, 12]
	Fitness: 1.219

## ITERATION 161 ##
SOLUTION:
	Solution: [56, 30, 27, 42, 35, 10, 25, 6, 24, 1, 17, 56, 57, 21, 9, 11, 58, 43, 3, 11, 9, 17, 57, 46, 21, 40, 15, 55, 36, 12]
	Fitness: 1.219

## ITERATION 162 ##
SOLUTION:
	Solution: [56, 30, 27, 42, 35, 10, 25, 6, 24, 1, 17, 56, 57, 21, 9, 11, 58, 43, 3, 11, 9, 17, 57, 46, 21, 40, 15, 55, 36, 12]
	Fitness: 1.219

## ITERATION 163 ##
SOLUTION:
	Solution: [56, 30, 27, 42, 35, 10, 25, 6, 24, 1, 17, 56, 57, 21, 9, 11, 58, 43, 3, 11, 9, 17, 57, 46, 21, 40, 15, 55, 36, 12]
	Fitness: 1.219

## ITERATION 164 ##
SOLUTION:
	Solution: [56, 30, 27, 42, 35, 10, 25, 6, 24, 1, 17, 56, 57, 21, 9, 11, 58, 43, 3, 11, 9, 17, 57, 46, 21, 40, 15, 55, 36, 12]
	Fitness: 1.219

## ITERATION 165 ##
SOLUTION:
	Solution: [56, 30, 27, 42, 35, 10, 25, 6, 24, 1, 17, 56, 57, 21, 9, 11, 58, 43, 3, 11, 9, 17, 57, 46, 21, 40, 15, 55, 36, 12]
	Fitness: 1.219

## ITERATION 166 ##
SOLUTION:
	Solution: [56, 30, 27, 42, 35, 10, 25, 6, 24, 1, 17, 56, 57, 21, 9, 11, 58, 43, 3, 11, 9, 17, 57, 46, 21, 40, 15, 55, 36, 12]
	Fitness: 1.219

## ITERATION 167 ##
SOLUTION:
	Solution: [56, 30, 27, 42, 35, 10, 25, 6, 24, 1, 17, 56, 57, 21, 9, 11, 58, 43, 3, 11, 9, 17, 57, 46, 21, 40, 15, 55, 36, 12]
	Fitness: 1.219

## ITERATION 168 ##
SOLUTION:
	Solution: [56, 30, 27, 42, 35, 10, 25, 6, 24, 1, 17, 56, 57, 21, 9, 11, 58, 43, 3, 11, 9, 17, 57, 46, 21, 40, 15, 55, 36, 12]
	Fitness: 1.219

## ITERATION 169 ##
SOLUTION:
	Solution: [56, 30, 27, 42, 35, 10, 25, 6, 24, 1, 17, 56, 57, 21, 9, 11, 58, 43, 3, 11, 9, 17, 57, 46, 21, 40, 15, 55, 36, 12]
	Fitness: 1.219

## ITERATION 170 ##
SOLUTION:
	Solution: [56, 30, 27, 42, 35, 10, 25, 6, 24, 1, 17, 56, 57, 21, 9, 11, 58, 43, 3, 11, 9, 17, 57, 46, 21, 40, 15, 55, 36, 12]
	Fitness: 1.219

## ITERATION 171 ##
SOLUTION:
	Solution: [56, 30, 27, 42, 35, 10, 25, 6, 24, 1, 17, 56, 57, 21, 9, 11, 58, 43, 3, 11, 9, 17, 57, 46, 21, 40, 15, 55, 36, 12]
	Fitness: 1.219

## ITERATION 172 ##
SOLUTION:
	Solution: [56, 30, 27, 42, 35, 10, 25, 6, 24, 1, 17, 56, 57, 21, 9, 11, 58, 43, 3, 11, 9, 17, 57, 46, 21, 40, 15, 55, 36, 12]
	Fitness: 1.219

## ITERATION 173 ##
SOLUTION:
	Solution: [56, 30, 27, 42, 35, 10, 25, 6, 24, 1, 17, 56, 57, 21, 9, 11, 58, 43, 3, 11, 9, 17, 57, 46, 21, 40, 15, 55, 36, 12]
	Fitness: 1.219

## ITERATION 174 ##
SOLUTION:
	Solution: [56, 30, 27, 42, 35, 10, 25, 6, 24, 1, 17, 56, 57, 21, 9, 11, 58, 43, 3, 11, 9, 17, 57, 46, 21, 40, 11, 55, 36, 12]
	Fitness: 1.198

## ITERATION 175 ##
SOLUTION:
	Solution: [56, 30, 27, 42, 35, 10, 25, 6, 24, 1, 17, 56, 57, 21, 9, 11, 58, 43, 3, 11, 9, 17, 57, 46, 21, 40, 11, 55, 36, 12]
	Fitness: 1.198

## ITERATION 176 ##
SOLUTION:
	Solution: [56, 30, 27, 42, 35, 10, 25, 6, 24, 1, 17, 56, 57, 21, 9, 11, 58, 43, 3, 11, 9, 17, 57, 46, 21, 40, 11, 55, 36, 12]
	Fitness: 1.198

## ITERATION 177 ##
SOLUTION:
	Solution: [56, 30, 27, 42, 35, 10, 25, 6, 24, 1, 17, 56, 57, 21, 9, 11, 58, 43, 3, 11, 9, 17, 57, 46, 21, 40, 11, 55, 36, 12]
	Fitness: 1.198

## ITERATION 178 ##
SOLUTION:
	Solution: [56, 30, 27, 42, 35, 10, 25, 6, 24, 1, 17, 56, 57, 21, 9, 11, 58, 43, 3, 11, 9, 17, 57, 46, 21, 40, 11, 55, 36, 12]
	Fitness: 1.198

## ITERATION 179 ##
SOLUTION:
	Solution: [56, 30, 27, 42, 35, 10, 25, 6, 24, 1, 17, 56, 57, 21, 9, 11, 58, 43, 3, 11, 9, 17, 57, 46, 21, 40, 11, 55, 36, 12]
	Fitness: 1.198

## ITERATION 180 ##
SOLUTION:
	Solution: [56, 30, 27, 42, 35, 10, 25, 6, 24, 1, 17, 56, 57, 21, 9, 11, 58, 43, 3, 11, 9, 17, 57, 46, 21, 40, 11, 55, 36, 12]
	Fitness: 1.198

## ITERATION 181 ##
SOLUTION:
	Solution: [56, 30, 27, 42, 35, 10, 25, 6, 24, 1, 17, 56, 57, 21, 9, 11, 58, 43, 3, 11, 9, 17, 57, 46, 21, 40, 11, 55, 36, 12]
	Fitness: 1.198

## ITERATION 182 ##
SOLUTION:
	Solution: [56, 30, 27, 42, 35, 10, 25, 6, 24, 1, 17, 56, 57, 21, 9, 11, 58, 43, 3, 11, 9, 17, 57, 46, 21, 40, 11, 55, 36, 12]
	Fitness: 1.198

## ITERATION 183 ##
SOLUTION:
	Solution: [56, 30, 27, 42, 35, 10, 25, 6, 24, 1, 17, 56, 57, 21, 9, 11, 58, 43, 3, 11, 9, 17, 57, 46, 21, 40, 11, 55, 36, 12]
	Fitness: 1.198

## ITERATION 184 ##
SOLUTION:
	Solution: [56, 30, 27, 42, 35, 10, 25, 6, 24, 1, 17, 56, 57, 21, 9, 11, 58, 43, 3, 11, 9, 17, 57, 46, 21, 40, 11, 55, 36, 12]
	Fitness: 1.198

## ITERATION 185 ##
SOLUTION:
	Solution: [56, 30, 27, 42, 35, 10, 25, 6, 24, 1, 17, 56, 57, 21, 9, 11, 58, 43, 3, 11, 9, 17, 57, 46, 21, 40, 11, 55, 36, 12]
	Fitness: 1.198

## ITERATION 186 ##
SOLUTION:
	Solution: [56, 30, 27, 42, 35, 10, 25, 6, 24, 1, 17, 56, 57, 21, 9, 11, 58, 43, 3, 11, 9, 17, 57, 46, 21, 40, 11, 55, 36, 12]
	Fitness: 1.198

## ITERATION 187 ##
SOLUTION:
	Solution: [56, 30, 27, 42, 35, 10, 25, 6, 24, 1, 17, 56, 57, 21, 9, 11, 58, 43, 3, 11, 9, 17, 57, 46, 21, 40, 11, 55, 36, 12]
	Fitness: 1.198

## ITERATION 188 ##
SOLUTION:
	Solution: [56, 30, 27, 42, 35, 10, 25, 6, 24, 1, 17, 56, 57, 21, 9, 11, 58, 43, 3, 11, 9, 17, 57, 46, 21, 40, 11, 55, 36, 12]
	Fitness: 1.198

## ITERATION 189 ##
SOLUTION:
	Solution: [56, 30, 27, 42, 35, 10, 25, 6, 24, 1, 17, 56, 57, 21, 9, 11, 58, 43, 3, 11, 9, 17, 57, 46, 21, 40, 11, 55, 36, 12]
	Fitness: 1.198

