## EPOCH 0 ##
Population: 
	Solution: [54, 49, 27, 17, 33, 26, 50, 19, 31, 37, 58, 32, 18, 48, 40, 16, 58, 63, 52, 58, 20, 47, 58, 44, 30, 6, 28, 39, 58, 62]
	Fitness: 2.364
	Solution: [31, 55, 17, 52, 35, 1, 46, 26, 53, 43, 0, 32, 56, 16, 21, 56, 12, 36, 15, 62, 51, 29, 5, 20, 33, 60, 7, 35, 45, 35]
	Fitness: 3.68
	Solution: [52, 35, 62, 39, 38, 28, 38, 25, 37, 19, 12, 12, 39, 42, 30, 6, 48, 56, 59, 54, 57, 59, 35, 25, 45, 18, 52, 54, 57, 38]
	Fitness: 3.892
	Solution: [61, 37, 29, 42, 64, 59, 51, 5, 39, 31, 40, 54, 16, 47, 7, 14, 51, 21, 52, 6, 9, 45, 3, 37, 58, 34, 44, 2, 41, 39]
	Fitness: 1.328
	Solution: [37, 25, 24, 63, 2, 1, 62, 12, 8, 13, 51, 60, 1, 27, 6, 17, 14, 41, 22, 12, 32, 3, 6, 63, 13, 23, 47, 54, 59, 11]
	Fitness: 2.931
	Solution: [43, 62, 4, 43, 54, 22, 16, 38, 28, 11, 30, 26, 36, 33, 20, 23, 54, 16, 36, 1, 47, 21, 3, 18, 15, 61, 23, 18, 23, 61]
	Fitness: 3.165
	Solution: [41, 40, 46, 25, 27, 42, 0, 12, 21, 15, 41, 24, 56, 36, 27, 26, 45, 27, 42, 3, 29, 17, 10, 34, 31, 36, 48, 57, 32, 20]
	Fitness: 2.616
	Solution: [30, 52, 56, 52, 12, 64, 41, 5, 46, 63, 26, 43, 20, 14, 46, 0, 53, 34, 6, 8, 42, 56, 18, 63, 6, 55, 25, 5, 18, 29]
	Fitness: 4.199
	Solution: [51, 55, 9, 33, 42, 22, 56, 18, 1, 3, 44, 36, 61, 60, 58, 3, 48, 45, 42, 46, 58, 41, 24, 34, 13, 38, 1, 10, 21, 51]
	Fitness: 1.302
BEST SOLUTION:
	Solution: [51, 55, 9, 33, 42, 22, 56, 18, 1, 3, 44, 36, 61, 60, 58, 3, 48, 45, 42, 46, 58, 41, 24, 34, 13, 38, 1, 10, 21, 51]
	Fitness: 1.302

## EPOCH 1 ##
Population: 
	Solution: [41, 61, 24, 13, 35, 42, 2, 17, 21, 19, 41, 24, 58, 47, 27, 10, 52, 50, 42, 3, 27, 17, 10, 33, 30, 36, 48, 57, 32, 56]
	Fitness: 1.257
	Solution: [35, 55, 17, 52, 35, 1, 46, 33, 53, 43, 0, 32, 56, 15, 21, 58, 12, 36, 15, 62, 35, 12, 5, 23, 34, 60, 43, 35, 45, 35]
	Fitness: 1.565
	Solution: [52, 35, 62, 39, 38, 28, 38, 25, 37, 19, 12, 12, 39, 42, 30, 6, 48, 56, 59, 54, 57, 59, 35, 25, 45, 18, 52, 54, 57, 38]
	Fitness: 3.892
	Solution: [61, 37, 29, 42, 64, 59, 51, 5, 39, 31, 40, 54, 16, 47, 7, 14, 51, 21, 52, 6, 9, 45, 3, 37, 58, 34, 44, 2, 41, 39]
	Fitness: 1.328
	Solution: [61, 37, 6, 43, 64, 59, 51, 5, 31, 31, 40, 54, 6, 53, 19, 14, 51, 21, 58, 6, 52, 25, 3, 35, 47, 34, 22, 2, 6, 62]
	Fitness: 2.303
	Solution: [62, 56, 29, 33, 35, 47, 56, 5, 27, 10, 40, 50, 8, 55, 54, 3, 51, 40, 52, 49, 7, 45, 3, 37, 56, 34, 4, 2, 46, 39]
	Fitness: 2.926
	Solution: [41, 40, 46, 25, 27, 42, 0, 12, 21, 15, 41, 24, 56, 36, 27, 26, 45, 27, 42, 3, 29, 17, 10, 34, 31, 36, 48, 57, 32, 20]
	Fitness: 2.616
	Solution: [40, 52, 15, 52, 12, 64, 41, 5, 60, 15, 26, 30, 20, 15, 46, 0, 53, 35, 14, 53, 42, 56, 16, 63, 43, 55, 25, 36, 18, 26]
	Fitness: 4.136
	Solution: [51, 55, 9, 33, 42, 22, 56, 18, 1, 3, 44, 36, 61, 60, 58, 3, 48, 45, 42, 46, 58, 41, 24, 34, 13, 38, 1, 10, 21, 51]
	Fitness: 1.302
BEST SOLUTION:
	Solution: [41, 61, 24, 13, 35, 42, 2, 17, 21, 19, 41, 24, 58, 47, 27, 10, 52, 50, 42, 3, 27, 17, 10, 33, 30, 36, 48, 57, 32, 56]
	Fitness: 1.257

## EPOCH 2 ##
Population: 
	Solution: [41, 61, 24, 13, 35, 42, 2, 17, 21, 19, 41, 24, 58, 47, 27, 10, 52, 50, 42, 3, 27, 17, 10, 33, 30, 36, 48, 57, 32, 56]
	Fitness: 1.257
	Solution: [35, 55, 17, 52, 35, 1, 46, 33, 53, 43, 0, 32, 56, 15, 21, 58, 12, 36, 15, 62, 35, 12, 5, 23, 34, 60, 43, 35, 45, 35]
	Fitness: 1.565
	Solution: [41, 32, 24, 13, 33, 5, 2, 17, 21, 19, 25, 29, 58, 47, 27, 10, 47, 49, 60, 3, 27, 46, 10, 25, 30, 36, 48, 14, 24, 56]
	Fitness: 2.319
	Solution: [61, 37, 29, 42, 64, 59, 51, 5, 39, 31, 40, 54, 16, 47, 7, 14, 51, 21, 52, 6, 9, 45, 3, 37, 58, 34, 44, 2, 41, 39]
	Fitness: 1.328
	Solution: [61, 37, 6, 43, 64, 59, 51, 5, 31, 31, 40, 54, 6, 53, 19, 14, 51, 21, 58, 6, 52, 25, 3, 35, 47, 34, 22, 2, 6, 62]
	Fitness: 2.303
	Solution: [62, 56, 29, 33, 35, 47, 56, 5, 27, 10, 40, 50, 8, 55, 54, 3, 51, 40, 52, 49, 7, 45, 3, 37, 56, 34, 4, 2, 46, 39]
	Fitness: 2.926
	Solution: [41, 40, 46, 25, 27, 42, 0, 12, 21, 15, 41, 24, 56, 36, 27, 26, 45, 27, 42, 3, 29, 17, 10, 34, 31, 36, 48, 57, 32, 20]
	Fitness: 2.616
	Solution: [41, 49, 39, 58, 35, 7, 20, 6, 28, 15, 0, 41, 56, 36, 28, 26, 45, 27, 42, 3, 29, 17, 10, 23, 33, 37, 40, 61, 32, 37]
	Fitness: 2.252
	Solution: [51, 55, 9, 33, 42, 22, 56, 18, 1, 3, 44, 36, 61, 60, 58, 3, 48, 45, 42, 46, 58, 41, 24, 34, 13, 38, 1, 10, 21, 51]
	Fitness: 1.302
BEST SOLUTION:
	Solution: [41, 61, 24, 13, 35, 42, 2, 17, 21, 19, 41, 24, 58, 47, 27, 10, 52, 50, 42, 3, 27, 17, 10, 33, 30, 36, 48, 57, 32, 56]
	Fitness: 1.257

## EPOCH 3 ##
Population: 
	Solution: [41, 61, 24, 13, 35, 42, 2, 17, 21, 19, 41, 24, 58, 47, 27, 10, 52, 50, 42, 3, 27, 17, 10, 33, 30, 36, 48, 57, 32, 56]
	Fitness: 1.257
	Solution: [41, 61, 24, 13, 34, 42, 20, 17, 21, 19, 41, 24, 58, 47, 27, 10, 47, 49, 58, 3, 27, 16, 10, 30, 30, 36, 48, 5, 32, 56]
	Fitness: 1.267
	Solution: [64, 57, 29, 33, 35, 50, 57, 27, 27, 10, 44, 49, 57, 55, 54, 10, 51, 40, 43, 49, 7, 52, 0, 37, 56, 32, 14, 2, 46, 58]
	Fitness: 2.283
	Solution: [61, 37, 29, 42, 64, 59, 51, 5, 39, 31, 40, 54, 16, 47, 7, 14, 51, 21, 52, 6, 9, 45, 3, 37, 58, 34, 44, 2, 41, 39]
	Fitness: 1.328
	Solution: [61, 37, 6, 42, 64, 59, 51, 5, 31, 31, 40, 54, 14, 52, 19, 14, 51, 21, 58, 6, 52, 25, 3, 35, 47, 34, 54, 2, 8, 62]
	Fitness: 1.351
	Solution: [62, 56, 29, 33, 35, 47, 56, 5, 27, 10, 40, 50, 8, 55, 54, 3, 51, 40, 52, 49, 7, 45, 3, 37, 56, 34, 4, 2, 46, 39]
	Fitness: 2.926
	Solution: [51, 55, 13, 34, 42, 8, 28, 17, 10, 7, 44, 40, 61, 59, 52, 3, 52, 28, 42, 46, 58, 35, 17, 22, 18, 37, 31, 4, 35, 59]
	Fitness: 1.277
	Solution: [41, 49, 39, 58, 35, 7, 20, 6, 28, 15, 0, 41, 56, 36, 28, 26, 45, 27, 42, 3, 29, 17, 10, 23, 33, 37, 40, 61, 32, 37]
	Fitness: 2.252
	Solution: [51, 55, 12, 33, 42, 2, 56, 18, 16, 5, 44, 36, 61, 59, 29, 3, 48, 33, 42, 46, 58, 36, 17, 34, 13, 38, 30, 10, 18, 51]
	Fitness: 1.289
BEST SOLUTION:
	Solution: [41, 61, 24, 13, 35, 42, 2, 17, 21, 19, 41, 24, 58, 47, 27, 10, 52, 50, 42, 3, 27, 17, 10, 33, 30, 36, 48, 57, 32, 56]
	Fitness: 1.257

## EPOCH 4 ##
Population: 
	Solution: [41, 61, 24, 13, 35, 42, 2, 17, 21, 19, 41, 24, 58, 47, 27, 10, 52, 50, 42, 3, 27, 17, 10, 33, 30, 36, 48, 57, 32, 56]
	Fitness: 1.257
	Solution: [41, 61, 24, 13, 34, 42, 20, 17, 21, 19, 41, 24, 58, 47, 27, 10, 47, 49, 58, 3, 27, 16, 10, 30, 30, 36, 48, 5, 32, 56]
	Fitness: 1.267
	Solution: [64, 57, 29, 33, 35, 50, 57, 27, 27, 10, 44, 49, 57, 55, 54, 10, 51, 40, 43, 49, 7, 52, 0, 37, 56, 32, 14, 2, 46, 58]
	Fitness: 2.283
	Solution: [61, 37, 29, 42, 64, 59, 51, 5, 39, 31, 40, 54, 16, 47, 7, 14, 51, 21, 52, 6, 9, 45, 3, 37, 58, 34, 44, 2, 41, 39]
	Fitness: 1.328
	Solution: [61, 37, 6, 42, 64, 59, 51, 5, 31, 31, 40, 54, 14, 52, 19, 14, 51, 21, 58, 6, 52, 25, 3, 35, 47, 34, 54, 2, 8, 62]
	Fitness: 1.351
	Solution: [51, 55, 12, 40, 30, 59, 56, 5, 16, 15, 44, 36, 18, 59, 29, 3, 48, 21, 62, 46, 58, 33, 17, 34, 13, 61, 54, 10, 18, 62]
	Fitness: 2.108
	Solution: [51, 55, 13, 34, 42, 8, 28, 17, 10, 7, 44, 40, 61, 59, 52, 3, 52, 28, 42, 46, 58, 35, 17, 22, 18, 37, 31, 4, 35, 59]
	Fitness: 1.277
	Solution: [41, 49, 39, 58, 35, 7, 20, 6, 28, 15, 0, 41, 56, 36, 28, 26, 45, 27, 42, 3, 29, 17, 10, 23, 33, 37, 40, 61, 32, 37]
	Fitness: 2.252
	Solution: [51, 55, 12, 33, 42, 2, 56, 18, 16, 5, 44, 36, 61, 59, 29, 3, 48, 33, 42, 46, 58, 36, 17, 34, 13, 38, 30, 10, 18, 51]
	Fitness: 1.289
BEST SOLUTION:
	Solution: [41, 61, 24, 13, 35, 42, 2, 17, 21, 19, 41, 24, 58, 47, 27, 10, 52, 50, 42, 3, 27, 17, 10, 33, 30, 36, 48, 57, 32, 56]
	Fitness: 1.257

## EPOCH 5 ##
Population: 
	Solution: [41, 61, 24, 13, 35, 42, 2, 17, 21, 19, 41, 24, 58, 47, 27, 10, 52, 50, 42, 3, 27, 17, 10, 33, 30, 36, 48, 57, 32, 56]
	Fitness: 1.257
	Solution: [41, 61, 24, 13, 34, 42, 20, 17, 21, 19, 41, 24, 58, 47, 27, 10, 47, 49, 58, 3, 27, 16, 10, 30, 30, 36, 48, 5, 32, 56]
	Fitness: 1.267
	Solution: [51, 55, 12, 39, 22, 5, 56, 35, 16, 5, 44, 36, 61, 59, 29, 1, 48, 32, 39, 46, 58, 34, 17, 34, 13, 38, 53, 10, 7, 51]
	Fitness: 2.043
	Solution: [61, 37, 29, 42, 64, 59, 51, 5, 39, 31, 40, 54, 16, 47, 7, 14, 51, 21, 52, 6, 9, 45, 3, 37, 58, 34, 44, 2, 41, 39]
	Fitness: 1.328
	Solution: [61, 37, 6, 42, 64, 59, 51, 5, 31, 31, 40, 54, 14, 52, 19, 14, 51, 21, 58, 6, 52, 25, 3, 35, 47, 34, 54, 2, 8, 62]
	Fitness: 1.351
	Solution: [51, 55, 12, 40, 30, 59, 56, 5, 16, 15, 44, 36, 18, 59, 29, 3, 48, 21, 62, 46, 58, 33, 17, 34, 13, 61, 54, 10, 18, 62]
	Fitness: 2.108
	Solution: [51, 55, 13, 34, 42, 8, 28, 17, 10, 7, 44, 40, 61, 59, 52, 3, 52, 28, 42, 46, 58, 35, 17, 22, 18, 37, 31, 4, 35, 59]
	Fitness: 1.277
	Solution: [41, 49, 39, 58, 35, 7, 20, 6, 28, 15, 0, 41, 56, 36, 28, 26, 45, 27, 42, 3, 29, 17, 10, 23, 33, 37, 40, 61, 32, 37]
	Fitness: 2.252
	Solution: [53, 55, 13, 34, 42, 8, 28, 16, 29, 7, 44, 40, 60, 59, 52, 8, 52, 63, 42, 37, 58, 16, 13, 22, 18, 19, 31, 17, 35, 59]
	Fitness: 1.27
BEST SOLUTION:
	Solution: [41, 61, 24, 13, 35, 42, 2, 17, 21, 19, 41, 24, 58, 47, 27, 10, 52, 50, 42, 3, 27, 17, 10, 33, 30, 36, 48, 57, 32, 56]
	Fitness: 1.257

## EPOCH 6 ##
Population: 
	Solution: [41, 61, 24, 13, 35, 42, 2, 17, 21, 19, 41, 24, 58, 47, 27, 10, 52, 50, 42, 3, 27, 17, 10, 33, 30, 36, 48, 57, 32, 56]
	Fitness: 1.257
	Solution: [41, 61, 24, 13, 34, 42, 20, 17, 21, 19, 41, 24, 58, 47, 27, 10, 47, 49, 58, 3, 27, 16, 10, 30, 30, 36, 48, 5, 32, 56]
	Fitness: 1.267
	Solution: [53, 55, 12, 34, 5, 36, 28, 16, 10, 7, 44, 39, 62, 59, 52, 8, 52, 61, 42, 38, 58, 22, 13, 22, 18, 18, 47, 22, 5, 32]
	Fitness: 1.308
	Solution: [61, 37, 29, 42, 64, 59, 51, 5, 39, 31, 40, 54, 16, 47, 7, 14, 51, 21, 52, 6, 9, 45, 3, 37, 58, 34, 44, 2, 41, 39]
	Fitness: 1.328
	Solution: [61, 37, 6, 42, 64, 59, 51, 5, 31, 31, 40, 54, 14, 52, 19, 14, 51, 21, 58, 6, 52, 25, 3, 35, 47, 34, 54, 2, 8, 62]
	Fitness: 1.351
	Solution: [53, 48, 13, 34, 42, 8, 13, 14, 38, 7, 44, 49, 64, 46, 52, 8, 51, 63, 42, 37, 58, 16, 12, 25, 24, 19, 31, 17, 35, 59]
	Fitness: 1.281
	Solution: [50, 55, 13, 34, 42, 8, 28, 16, 29, 7, 60, 40, 60, 59, 52, 8, 52, 63, 42, 37, 58, 42, 13, 22, 18, 19, 31, 17, 35, 59]
	Fitness: 1.257
	Solution: [47, 40, 21, 18, 42, 10, 28, 30, 14, 7, 1, 39, 58, 59, 56, 36, 52, 57, 42, 4, 32, 42, 13, 13, 20, 19, 36, 17, 35, 59]
	Fitness: 1.26
	Solution: [53, 55, 13, 34, 42, 8, 28, 16, 29, 7, 44, 40, 60, 59, 52, 8, 52, 63, 42, 37, 58, 16, 13, 22, 18, 19, 31, 17, 35, 59]
	Fitness: 1.27
BEST SOLUTION:
	Solution: [41, 61, 24, 13, 35, 42, 2, 17, 21, 19, 41, 24, 58, 47, 27, 10, 52, 50, 42, 3, 27, 17, 10, 33, 30, 36, 48, 57, 32, 56]
	Fitness: 1.257

## EPOCH 7 ##
Population: 
	Solution: [41, 61, 24, 13, 35, 42, 2, 17, 21, 19, 41, 24, 58, 47, 27, 10, 52, 50, 42, 3, 27, 17, 10, 33, 30, 36, 48, 57, 32, 56]
	Fitness: 1.257
	Solution: [41, 61, 24, 13, 34, 42, 20, 17, 21, 19, 41, 24, 58, 47, 27, 10, 47, 49, 58, 3, 27, 16, 10, 30, 30, 36, 48, 5, 32, 56]
	Fitness: 1.267
	Solution: [53, 55, 12, 34, 5, 36, 28, 16, 10, 7, 44, 39, 62, 59, 52, 8, 52, 61, 42, 38, 58, 22, 13, 22, 18, 18, 47, 22, 5, 32]
	Fitness: 1.308
	Solution: [61, 37, 29, 42, 64, 59, 51, 5, 39, 31, 40, 54, 16, 47, 7, 14, 51, 21, 52, 6, 9, 45, 3, 37, 58, 34, 44, 2, 41, 39]
	Fitness: 1.328
	Solution: [41, 51, 24, 13, 34, 42, 20, 20, 15, 0, 47, 24, 58, 47, 27, 38, 52, 48, 58, 3, 28, 16, 11, 30, 30, 35, 48, 5, 34, 54]
	Fitness: 1.267
	Solution: [53, 48, 13, 34, 42, 8, 13, 14, 38, 7, 44, 49, 64, 46, 52, 8, 51, 63, 42, 37, 58, 16, 12, 25, 24, 19, 31, 17, 35, 59]
	Fitness: 1.281
	Solution: [50, 55, 13, 34, 42, 8, 28, 16, 29, 7, 60, 40, 60, 59, 52, 8, 52, 63, 42, 37, 58, 42, 13, 22, 18, 19, 31, 17, 35, 59]
	Fitness: 1.257
	Solution: [47, 40, 21, 18, 42, 10, 28, 30, 14, 7, 1, 39, 58, 59, 56, 36, 52, 57, 42, 4, 32, 42, 13, 13, 20, 19, 36, 17, 35, 59]
	Fitness: 1.26
	Solution: [53, 55, 13, 34, 42, 8, 28, 16, 29, 7, 44, 40, 60, 59, 52, 8, 52, 63, 42, 37, 58, 16, 13, 22, 18, 19, 31, 17, 35, 59]
	Fitness: 1.27
BEST SOLUTION:
	Solution: [41, 61, 24, 13, 35, 42, 2, 17, 21, 19, 41, 24, 58, 47, 27, 10, 52, 50, 42, 3, 27, 17, 10, 33, 30, 36, 48, 57, 32, 56]
	Fitness: 1.257

## EPOCH 8 ##
Population: 
	Solution: [41, 61, 24, 13, 35, 42, 2, 17, 21, 19, 41, 24, 58, 47, 27, 10, 52, 50, 42, 3, 27, 17, 10, 33, 30, 36, 48, 57, 32, 56]
	Fitness: 1.257
	Solution: [41, 61, 24, 9, 34, 42, 16, 17, 21, 19, 41, 24, 58, 47, 27, 10, 48, 49, 56, 3, 27, 17, 10, 33, 30, 36, 48, 57, 32, 56]
	Fitness: 1.236
	Solution: [53, 55, 12, 34, 5, 36, 28, 16, 10, 7, 44, 39, 62, 59, 52, 8, 52, 61, 42, 38, 58, 22, 13, 22, 18, 18, 47, 22, 5, 32]
	Fitness: 1.308
	Solution: [60, 29, 24, 38, 35, 42, 49, 17, 21, 36, 40, 24, 58, 47, 27, 12, 51, 50, 42, 3, 27, 17, 10, 40, 59, 36, 48, 57, 32, 50]
	Fitness: 1.244
	Solution: [41, 53, 24, 9, 34, 42, 20, 17, 19, 17, 41, 24, 58, 47, 27, 46, 51, 49, 57, 3, 27, 15, 10, 33, 30, 36, 48, 57, 35, 53]
	Fitness: 1.25
	Solution: [53, 48, 13, 34, 42, 8, 13, 14, 38, 7, 44, 49, 64, 46, 52, 8, 51, 63, 42, 37, 58, 16, 12, 25, 24, 19, 31, 17, 35, 59]
	Fitness: 1.281
	Solution: [50, 55, 13, 34, 42, 8, 28, 16, 29, 7, 60, 40, 60, 59, 52, 8, 52, 63, 42, 37, 58, 42, 13, 22, 18, 19, 31, 17, 35, 59]
	Fitness: 1.257
	Solution: [25, 50, 24, 17, 45, 42, 27, 33, 4, 22, 34, 24, 58, 47, 26, 46, 51, 49, 33, 2, 27, 17, 14, 33, 16, 36, 48, 57, 35, 58]
	Fitness: 1.229
	Solution: [53, 55, 13, 34, 42, 8, 28, 16, 29, 7, 44, 40, 60, 59, 52, 8, 52, 63, 42, 37, 58, 16, 13, 22, 18, 19, 31, 17, 35, 59]
	Fitness: 1.27
BEST SOLUTION:
	Solution: [25, 50, 24, 17, 45, 42, 27, 33, 4, 22, 34, 24, 58, 47, 26, 46, 51, 49, 33, 2, 27, 17, 14, 33, 16, 36, 48, 57, 35, 58]
	Fitness: 1.229

## EPOCH 9 ##
Population: 
	Solution: [40, 56, 13, 34, 42, 5, 28, 15, 19, 7, 45, 48, 61, 57, 27, 8, 52, 63, 42, 37, 58, 42, 13, 22, 18, 19, 30, 17, 35, 59]
	Fitness: 1.248
	Solution: [41, 61, 24, 9, 34, 42, 16, 17, 21, 19, 41, 24, 58, 47, 27, 10, 48, 49, 56, 3, 27, 17, 10, 33, 30, 36, 48, 57, 32, 56]
	Fitness: 1.236
	Solution: [53, 55, 12, 34, 5, 36, 28, 16, 10, 7, 44, 39, 62, 59, 52, 8, 52, 61, 42, 38, 58, 22, 13, 22, 18, 18, 47, 22, 5, 32]
	Fitness: 1.308
	Solution: [56, 54, 50, 9, 34, 42, 20, 17, 18, 17, 41, 24, 58, 47, 27, 15, 51, 49, 57, 3, 27, 15, 10, 33, 30, 36, 48, 57, 35, 53]
	Fitness: 1.229
	Solution: [41, 53, 24, 9, 34, 42, 20, 17, 19, 17, 41, 24, 58, 47, 27, 46, 51, 49, 57, 3, 27, 15, 10, 33, 30, 36, 48, 57, 35, 53]
	Fitness: 1.25
	Solution: [50, 54, 50, 11, 8, 42, 20, 16, 3, 17, 41, 28, 58, 47, 31, 15, 51, 49, 57, 3, 27, 15, 9, 32, 30, 36, 48, 57, 43, 19]
	Fitness: 1.246
	Solution: [25, 50, 9, 17, 47, 42, 27, 27, 5, 22, 34, 15, 57, 47, 26, 39, 51, 42, 41, 0, 32, 38, 14, 33, 16, 33, 45, 57, 35, 58]
	Fitness: 1.224
	Solution: [25, 50, 24, 17, 45, 42, 27, 33, 4, 22, 34, 24, 58, 47, 26, 46, 51, 49, 33, 2, 27, 17, 14, 33, 16, 36, 48, 57, 35, 58]
	Fitness: 1.229
	Solution: [25, 53, 24, 17, 13, 42, 25, 15, 3, 22, 41, 24, 58, 47, 26, 36, 51, 49, 33, 2, 27, 17, 15, 33, 22, 36, 48, 57, 35, 58]
	Fitness: 1.246
BEST SOLUTION:
	Solution: [25, 50, 9, 17, 47, 42, 27, 27, 5, 22, 34, 15, 57, 47, 26, 39, 51, 42, 41, 0, 32, 38, 14, 33, 16, 33, 45, 57, 35, 58]
	Fitness: 1.224

## EPOCH 10 ##
Population: 
	Solution: [40, 56, 13, 34, 42, 5, 28, 15, 19, 7, 45, 48, 61, 57, 27, 8, 52, 63, 42, 37, 58, 42, 13, 22, 18, 19, 30, 17, 35, 59]
	Fitness: 1.248
	Solution: [41, 61, 24, 9, 34, 42, 16, 17, 21, 19, 41, 24, 58, 47, 27, 10, 48, 49, 56, 3, 27, 17, 10, 33, 30, 36, 48, 57, 32, 56]
	Fitness: 1.236
	Solution: [22, 54, 24, 17, 5, 42, 25, 15, 3, 22, 44, 10, 58, 47, 26, 36, 51, 48, 33, 7, 25, 17, 15, 21, 29, 37, 35, 57, 35, 55]
	Fitness: 1.262
	Solution: [56, 54, 50, 9, 34, 42, 20, 17, 18, 17, 41, 24, 58, 47, 27, 15, 51, 49, 57, 3, 27, 15, 10, 33, 30, 36, 48, 57, 35, 53]
	Fitness: 1.229
	Solution: [41, 53, 24, 9, 34, 42, 20, 17, 19, 17, 41, 24, 58, 47, 27, 46, 51, 49, 57, 3, 27, 15, 10, 33, 30, 36, 48, 57, 35, 53]
	Fitness: 1.25
	Solution: [50, 54, 50, 11, 8, 42, 20, 16, 3, 17, 41, 28, 58, 47, 31, 15, 51, 49, 57, 3, 27, 15, 9, 32, 30, 36, 48, 57, 43, 19]
	Fitness: 1.246
	Solution: [25, 50, 9, 17, 47, 42, 27, 27, 5, 22, 34, 15, 57, 47, 26, 39, 51, 42, 41, 0, 32, 38, 14, 33, 16, 33, 45, 57, 35, 58]
	Fitness: 1.224
	Solution: [25, 50, 24, 17, 45, 42, 27, 33, 4, 22, 34, 24, 58, 47, 26, 46, 51, 49, 33, 2, 27, 17, 14, 33, 16, 36, 48, 57, 35, 58]
	Fitness: 1.229
	Solution: [25, 53, 24, 17, 13, 42, 25, 15, 3, 22, 41, 24, 58, 47, 26, 36, 51, 49, 33, 2, 27, 17, 15, 33, 22, 36, 48, 57, 35, 58]
	Fitness: 1.246
BEST SOLUTION:
	Solution: [25, 50, 9, 17, 47, 42, 27, 27, 5, 22, 34, 15, 57, 47, 26, 39, 51, 42, 41, 0, 32, 38, 14, 33, 16, 33, 45, 57, 35, 58]
	Fitness: 1.224

## EPOCH 11 ##
Population: 
	Solution: [56, 54, 47, 9, 34, 42, 24, 17, 11, 21, 42, 24, 58, 47, 27, 11, 51, 48, 58, 4, 27, 15, 10, 24, 30, 36, 54, 57, 35, 53]
	Fitness: 1.226
	Solution: [41, 61, 24, 9, 34, 42, 16, 17, 21, 19, 41, 24, 58, 47, 27, 10, 48, 49, 56, 3, 27, 17, 10, 33, 30, 36, 48, 57, 32, 56]
	Fitness: 1.236
	Solution: [61, 54, 47, 9, 34, 42, 20, 17, 9, 21, 42, 50, 58, 47, 27, 14, 51, 48, 58, 4, 27, 15, 10, 31, 30, 36, 60, 57, 41, 53]
	Fitness: 1.217
	Solution: [56, 54, 50, 9, 34, 42, 20, 17, 18, 17, 41, 24, 58, 47, 27, 15, 51, 49, 57, 3, 27, 15, 10, 33, 30, 36, 48, 57, 35, 53]
	Fitness: 1.229
	Solution: [41, 53, 24, 9, 34, 42, 20, 17, 19, 17, 41, 24, 58, 47, 27, 46, 51, 49, 57, 3, 27, 15, 10, 33, 30, 36, 48, 57, 35, 53]
	Fitness: 1.25
	Solution: [50, 54, 50, 11, 8, 42, 20, 16, 3, 17, 41, 28, 58, 47, 31, 15, 51, 49, 57, 3, 27, 15, 9, 32, 30, 36, 48, 57, 43, 19]
	Fitness: 1.246
	Solution: [25, 50, 9, 17, 47, 42, 27, 27, 5, 22, 34, 15, 57, 47, 26, 39, 51, 42, 41, 0, 32, 38, 14, 33, 16, 33, 45, 57, 35, 58]
	Fitness: 1.224
	Solution: [25, 50, 24, 17, 45, 42, 27, 33, 4, 22, 34, 24, 58, 47, 26, 46, 51, 49, 33, 2, 27, 17, 14, 33, 16, 36, 48, 57, 35, 58]
	Fitness: 1.229
	Solution: [50, 54, 50, 10, 10, 42, 20, 17, 9, 17, 40, 44, 58, 47, 31, 15, 51, 48, 57, 3, 27, 15, 9, 31, 30, 36, 48, 57, 41, 38]
	Fitness: 1.241
BEST SOLUTION:
	Solution: [61, 54, 47, 9, 34, 42, 20, 17, 9, 21, 42, 50, 58, 47, 27, 14, 51, 48, 58, 4, 27, 15, 10, 31, 30, 36, 60, 57, 41, 53]
	Fitness: 1.217

## EPOCH 12 ##
Population: 
	Solution: [56, 54, 47, 9, 34, 42, 19, 17, 9, 21, 42, 42, 58, 47, 27, 11, 51, 48, 58, 4, 27, 15, 10, 30, 30, 36, 54, 57, 40, 53]
	Fitness: 1.222
	Solution: [41, 61, 24, 9, 34, 42, 16, 17, 21, 19, 41, 24, 58, 47, 27, 10, 48, 49, 56, 3, 27, 17, 10, 33, 30, 36, 48, 57, 32, 56]
	Fitness: 1.236
	Solution: [61, 54, 47, 9, 34, 42, 20, 17, 9, 21, 42, 50, 58, 47, 27, 14, 51, 48, 58, 4, 27, 15, 10, 31, 30, 36, 60, 57, 41, 53]
	Fitness: 1.217
	Solution: [56, 54, 50, 9, 34, 42, 20, 17, 18, 17, 41, 24, 58, 47, 27, 15, 51, 49, 57, 3, 27, 15, 10, 33, 30, 36, 48, 57, 35, 53]
	Fitness: 1.229
	Solution: [12, 63, 10, 9, 34, 42, 20, 16, 4, 17, 41, 23, 58, 47, 27, 46, 51, 49, 57, 3, 27, 15, 10, 32, 62, 36, 48, 57, 35, 53]
	Fitness: 1.241
	Solution: [56, 54, 50, 9, 34, 42, 20, 17, 18, 14, 41, 59, 58, 55, 27, 13, 51, 53, 59, 3, 27, 15, 10, 32, 30, 42, 48, 57, 41, 53]
	Fitness: 1.225
	Solution: [25, 50, 9, 17, 47, 42, 27, 27, 5, 22, 34, 15, 57, 47, 26, 39, 51, 42, 41, 0, 32, 38, 14, 33, 16, 33, 45, 57, 35, 58]
	Fitness: 1.224
	Solution: [25, 50, 24, 17, 45, 42, 27, 33, 4, 22, 34, 24, 58, 47, 26, 46, 51, 49, 33, 2, 27, 17, 14, 33, 16, 36, 48, 57, 35, 58]
	Fitness: 1.229
	Solution: [50, 54, 50, 10, 10, 42, 20, 17, 9, 17, 40, 44, 58, 47, 31, 15, 51, 48, 57, 3, 27, 15, 9, 31, 30, 36, 48, 57, 41, 38]
	Fitness: 1.241
BEST SOLUTION:
	Solution: [61, 54, 47, 9, 34, 42, 20, 17, 9, 21, 42, 50, 58, 47, 27, 14, 51, 48, 58, 4, 27, 15, 10, 31, 30, 36, 60, 57, 41, 53]
	Fitness: 1.217

## EPOCH 13 ##
Population: 
	Solution: [56, 54, 47, 9, 34, 42, 19, 17, 9, 21, 42, 42, 58, 47, 27, 11, 51, 48, 58, 4, 27, 15, 10, 30, 30, 36, 54, 57, 40, 53]
	Fitness: 1.222
	Solution: [41, 61, 24, 9, 34, 42, 16, 17, 21, 19, 41, 24, 58, 47, 27, 10, 48, 49, 56, 3, 27, 17, 10, 33, 30, 36, 48, 57, 32, 56]
	Fitness: 1.236
	Solution: [61, 54, 47, 9, 34, 42, 20, 17, 9, 21, 42, 50, 58, 47, 27, 14, 51, 48, 58, 4, 27, 15, 10, 31, 30, 36, 60, 57, 41, 53]
	Fitness: 1.217
	Solution: [56, 54, 50, 9, 34, 42, 20, 17, 18, 17, 41, 24, 58, 47, 27, 15, 51, 49, 57, 3, 27, 15, 10, 33, 30, 36, 48, 57, 35, 53]
	Fitness: 1.229
	Solution: [12, 63, 10, 9, 34, 42, 20, 16, 4, 17, 41, 23, 58, 47, 27, 46, 51, 49, 57, 3, 27, 15, 10, 32, 62, 36, 48, 57, 35, 53]
	Fitness: 1.241
	Solution: [56, 54, 50, 9, 34, 42, 20, 17, 18, 14, 41, 59, 58, 55, 27, 13, 51, 53, 59, 3, 27, 15, 10, 32, 30, 42, 48, 57, 41, 53]
	Fitness: 1.225
	Solution: [25, 50, 9, 17, 47, 42, 27, 27, 5, 22, 34, 15, 57, 47, 26, 39, 51, 42, 41, 0, 32, 38, 14, 33, 16, 33, 45, 57, 35, 58]
	Fitness: 1.224
	Solution: [25, 50, 24, 17, 45, 42, 27, 33, 4, 22, 34, 24, 58, 47, 26, 46, 51, 49, 33, 2, 27, 17, 14, 33, 16, 36, 48, 57, 35, 58]
	Fitness: 1.229
	Solution: [50, 54, 50, 10, 10, 42, 20, 17, 9, 17, 40, 44, 58, 47, 31, 15, 51, 48, 57, 3, 27, 15, 9, 31, 30, 36, 48, 57, 41, 38]
	Fitness: 1.241
BEST SOLUTION:
	Solution: [61, 54, 47, 9, 34, 42, 20, 17, 9, 21, 42, 50, 58, 47, 27, 14, 51, 48, 58, 4, 27, 15, 10, 31, 30, 36, 60, 57, 41, 53]
	Fitness: 1.217

## EPOCH 14 ##
Population: 
	Solution: [56, 54, 47, 9, 34, 42, 19, 17, 9, 21, 42, 42, 58, 47, 27, 11, 51, 48, 58, 4, 27, 15, 10, 30, 30, 36, 54, 57, 40, 53]
	Fitness: 1.222
	Solution: [41, 61, 24, 9, 34, 42, 16, 17, 21, 19, 41, 24, 58, 47, 27, 10, 48, 49, 56, 3, 27, 17, 10, 33, 30, 36, 48, 57, 32, 56]
	Fitness: 1.236
	Solution: [61, 54, 47, 9, 34, 42, 20, 17, 9, 21, 42, 50, 58, 47, 27, 14, 51, 48, 58, 4, 27, 15, 10, 31, 30, 36, 60, 57, 41, 53]
	Fitness: 1.217
	Solution: [56, 54, 50, 9, 34, 42, 20, 17, 18, 17, 41, 24, 58, 47, 27, 15, 51, 49, 57, 3, 27, 15, 10, 33, 30, 36, 48, 57, 35, 53]
	Fitness: 1.229
	Solution: [12, 63, 10, 9, 34, 42, 20, 16, 4, 17, 41, 23, 58, 47, 27, 46, 51, 49, 57, 3, 27, 15, 10, 32, 62, 36, 48, 57, 35, 53]
	Fitness: 1.241
	Solution: [56, 54, 50, 9, 34, 42, 20, 17, 18, 14, 41, 59, 58, 55, 27, 13, 51, 53, 59, 3, 27, 15, 10, 32, 30, 42, 48, 57, 41, 53]
	Fitness: 1.225
	Solution: [25, 50, 9, 17, 47, 42, 27, 27, 5, 22, 34, 15, 57, 47, 26, 39, 51, 42, 41, 0, 32, 38, 14, 33, 16, 33, 45, 57, 35, 58]
	Fitness: 1.224
	Solution: [25, 50, 24, 17, 45, 42, 27, 33, 4, 22, 34, 24, 58, 47, 26, 46, 51, 49, 33, 2, 27, 17, 14, 33, 16, 36, 48, 57, 35, 58]
	Fitness: 1.229
	Solution: [50, 54, 50, 10, 10, 42, 20, 17, 9, 17, 40, 44, 58, 47, 31, 15, 51, 48, 57, 3, 27, 15, 9, 31, 30, 36, 48, 57, 41, 38]
	Fitness: 1.241
BEST SOLUTION:
	Solution: [61, 54, 47, 9, 34, 42, 20, 17, 9, 21, 42, 50, 58, 47, 27, 14, 51, 48, 58, 4, 27, 15, 10, 31, 30, 36, 60, 57, 41, 53]
	Fitness: 1.217

## EPOCH 15 ##
Population: 
	Solution: [56, 54, 47, 9, 34, 42, 19, 17, 9, 21, 42, 42, 58, 47, 27, 11, 51, 48, 58, 4, 27, 15, 10, 30, 30, 36, 54, 57, 40, 53]
	Fitness: 1.222
	Solution: [41, 61, 24, 9, 34, 42, 16, 17, 21, 19, 41, 24, 58, 47, 27, 10, 48, 49, 56, 3, 27, 17, 10, 33, 30, 36, 48, 57, 32, 56]
	Fitness: 1.236
	Solution: [61, 54, 47, 9, 34, 42, 20, 17, 9, 21, 42, 50, 58, 47, 27, 14, 51, 48, 58, 4, 27, 15, 10, 31, 30, 36, 60, 57, 41, 53]
	Fitness: 1.217
	Solution: [56, 54, 50, 9, 34, 42, 20, 17, 18, 17, 41, 24, 58, 47, 27, 15, 51, 49, 57, 3, 27, 15, 10, 33, 30, 36, 48, 57, 35, 53]
	Fitness: 1.229
	Solution: [12, 63, 10, 9, 34, 42, 20, 16, 4, 17, 41, 23, 58, 47, 27, 46, 51, 49, 57, 3, 27, 15, 10, 32, 62, 36, 48, 57, 35, 53]
	Fitness: 1.241
	Solution: [56, 54, 50, 9, 34, 42, 20, 17, 18, 14, 41, 59, 58, 55, 27, 13, 51, 53, 59, 3, 27, 15, 10, 32, 30, 42, 48, 57, 41, 53]
	Fitness: 1.225
	Solution: [25, 50, 9, 17, 47, 42, 27, 27, 5, 22, 34, 15, 57, 47, 26, 39, 51, 42, 41, 0, 32, 38, 14, 33, 16, 33, 45, 57, 35, 58]
	Fitness: 1.224
	Solution: [25, 50, 24, 17, 45, 42, 27, 33, 4, 22, 34, 24, 58, 47, 26, 46, 51, 49, 33, 2, 27, 17, 14, 33, 16, 36, 48, 57, 35, 58]
	Fitness: 1.229
	Solution: [12, 54, 50, 10, 10, 42, 20, 24, 9, 17, 40, 53, 58, 55, 31, 13, 51, 59, 57, 3, 27, 15, 9, 25, 30, 36, 48, 57, 41, 34]
	Fitness: 1.235
BEST SOLUTION:
	Solution: [61, 54, 47, 9, 34, 42, 20, 17, 9, 21, 42, 50, 58, 47, 27, 14, 51, 48, 58, 4, 27, 15, 10, 31, 30, 36, 60, 57, 41, 53]
	Fitness: 1.217

## EPOCH 16 ##
Population: 
	Solution: [56, 54, 47, 9, 34, 42, 19, 17, 9, 21, 42, 42, 58, 47, 27, 11, 51, 48, 58, 4, 27, 15, 10, 30, 30, 36, 54, 57, 40, 53]
	Fitness: 1.222
	Solution: [41, 61, 24, 9, 34, 42, 16, 17, 21, 19, 41, 24, 58, 47, 27, 10, 48, 49, 56, 3, 27, 17, 10, 33, 30, 36, 48, 57, 32, 56]
	Fitness: 1.236
	Solution: [61, 54, 47, 9, 34, 42, 20, 17, 9, 21, 42, 50, 58, 47, 27, 14, 51, 48, 58, 4, 27, 15, 10, 31, 30, 36, 60, 57, 41, 53]
	Fitness: 1.217
	Solution: [56, 54, 50, 9, 34, 42, 20, 17, 18, 17, 41, 24, 58, 47, 27, 15, 51, 49, 57, 3, 27, 15, 10, 33, 30, 36, 48, 57, 35, 53]
	Fitness: 1.229
	Solution: [12, 63, 10, 9, 34, 42, 20, 16, 4, 17, 41, 23, 58, 47, 27, 46, 51, 49, 57, 3, 27, 15, 10, 32, 62, 36, 48, 57, 35, 53]
	Fitness: 1.241
	Solution: [56, 54, 50, 9, 34, 42, 20, 17, 18, 14, 41, 59, 58, 55, 27, 13, 51, 53, 59, 3, 27, 15, 10, 32, 30, 42, 48, 57, 41, 53]
	Fitness: 1.225
	Solution: [25, 50, 9, 17, 47, 42, 27, 27, 5, 22, 34, 15, 57, 47, 26, 39, 51, 42, 41, 0, 32, 38, 14, 33, 16, 33, 45, 57, 35, 58]
	Fitness: 1.224
	Solution: [25, 50, 24, 17, 45, 42, 27, 33, 4, 22, 34, 24, 58, 47, 26, 46, 51, 49, 33, 2, 27, 17, 14, 33, 16, 36, 48, 57, 35, 58]
	Fitness: 1.229
	Solution: [61, 54, 47, 9, 34, 42, 20, 17, 9, 13, 40, 50, 58, 47, 30, 14, 63, 58, 56, 3, 27, 31, 6, 31, 6, 36, 58, 57, 41, 53]
	Fitness: 1.216
BEST SOLUTION:
	Solution: [61, 54, 47, 9, 34, 42, 20, 17, 9, 13, 40, 50, 58, 47, 30, 14, 63, 58, 56, 3, 27, 31, 6, 31, 6, 36, 58, 57, 41, 53]
	Fitness: 1.216

## EPOCH 17 ##
Population: 
	Solution: [56, 54, 47, 9, 34, 42, 19, 17, 9, 21, 42, 42, 58, 47, 27, 11, 51, 48, 58, 4, 27, 15, 10, 30, 30, 36, 54, 57, 40, 53]
	Fitness: 1.222
	Solution: [41, 61, 24, 9, 34, 42, 16, 17, 21, 19, 41, 24, 58, 47, 27, 10, 48, 49, 56, 3, 27, 17, 10, 33, 30, 36, 48, 57, 32, 56]
	Fitness: 1.236
	Solution: [61, 54, 47, 9, 34, 42, 20, 17, 9, 21, 42, 50, 58, 47, 27, 14, 51, 48, 58, 4, 27, 15, 10, 31, 30, 36, 60, 57, 41, 53]
	Fitness: 1.217
	Solution: [56, 54, 50, 9, 34, 42, 20, 17, 18, 17, 41, 24, 58, 47, 27, 15, 51, 49, 57, 3, 27, 15, 10, 33, 30, 36, 48, 57, 35, 53]
	Fitness: 1.229
	Solution: [12, 63, 10, 9, 34, 42, 20, 16, 4, 17, 41, 23, 58, 47, 27, 46, 51, 49, 57, 3, 27, 15, 10, 32, 62, 36, 48, 57, 35, 53]
	Fitness: 1.241
	Solution: [56, 54, 50, 9, 34, 42, 20, 17, 18, 14, 41, 59, 58, 55, 27, 13, 51, 53, 59, 3, 27, 15, 10, 32, 30, 42, 48, 57, 41, 53]
	Fitness: 1.225
	Solution: [56, 54, 32, 9, 48, 42, 17, 17, 18, 17, 41, 24, 58, 47, 14, 15, 51, 49, 57, 3, 27, 15, 10, 33, 14, 36, 48, 57, 35, 57]
	Fitness: 1.216
	Solution: [25, 50, 24, 17, 45, 42, 27, 33, 4, 22, 34, 24, 58, 47, 26, 46, 51, 49, 33, 2, 27, 17, 14, 33, 16, 36, 48, 57, 35, 58]
	Fitness: 1.229
	Solution: [61, 54, 47, 9, 34, 42, 20, 17, 9, 13, 40, 50, 58, 47, 30, 14, 63, 58, 56, 3, 27, 31, 6, 31, 6, 36, 58, 57, 41, 53]
	Fitness: 1.216
BEST SOLUTION:
	Solution: [56, 54, 32, 9, 48, 42, 17, 17, 18, 17, 41, 24, 58, 47, 14, 15, 51, 49, 57, 3, 27, 15, 10, 33, 14, 36, 48, 57, 35, 57]
	Fitness: 1.216

## EPOCH 18 ##
Population: 
	Solution: [56, 54, 47, 9, 34, 42, 19, 17, 9, 21, 42, 42, 58, 47, 27, 11, 51, 48, 58, 4, 27, 15, 10, 30, 30, 36, 54, 57, 40, 53]
	Fitness: 1.222
	Solution: [41, 61, 24, 9, 34, 42, 16, 17, 21, 19, 41, 24, 58, 47, 27, 10, 48, 49, 56, 3, 27, 17, 10, 33, 30, 36, 48, 57, 32, 56]
	Fitness: 1.236
	Solution: [61, 54, 47, 9, 34, 42, 20, 17, 9, 21, 42, 50, 58, 47, 27, 14, 51, 48, 58, 4, 27, 15, 10, 31, 30, 36, 60, 57, 41, 53]
	Fitness: 1.217
	Solution: [56, 54, 50, 9, 34, 42, 20, 17, 18, 17, 41, 24, 58, 47, 27, 15, 51, 49, 57, 3, 27, 15, 10, 33, 30, 36, 48, 57, 35, 53]
	Fitness: 1.229
	Solution: [12, 63, 10, 9, 34, 42, 20, 16, 4, 17, 41, 23, 58, 47, 27, 46, 51, 49, 57, 3, 27, 15, 10, 32, 62, 36, 48, 57, 35, 53]
	Fitness: 1.241
	Solution: [56, 54, 50, 9, 34, 42, 20, 17, 18, 14, 41, 59, 58, 55, 27, 13, 51, 53, 59, 3, 27, 15, 10, 32, 30, 42, 48, 57, 41, 53]
	Fitness: 1.225
	Solution: [56, 54, 32, 9, 48, 42, 17, 17, 18, 17, 41, 24, 58, 47, 14, 15, 51, 49, 57, 3, 27, 15, 10, 33, 14, 36, 48, 57, 35, 57]
	Fitness: 1.216
	Solution: [25, 50, 24, 17, 45, 42, 27, 33, 4, 22, 34, 24, 58, 47, 26, 46, 51, 49, 33, 2, 27, 17, 14, 33, 16, 36, 48, 57, 35, 58]
	Fitness: 1.229
	Solution: [61, 54, 47, 9, 34, 42, 20, 17, 9, 13, 40, 50, 58, 47, 30, 14, 63, 58, 56, 3, 27, 31, 6, 31, 6, 36, 58, 57, 41, 53]
	Fitness: 1.216
BEST SOLUTION:
	Solution: [56, 54, 32, 9, 48, 42, 17, 17, 18, 17, 41, 24, 58, 47, 14, 15, 51, 49, 57, 3, 27, 15, 10, 33, 14, 36, 48, 57, 35, 57]
	Fitness: 1.216

## EPOCH 19 ##
Population: 
	Solution: [56, 54, 47, 9, 34, 42, 19, 17, 9, 21, 42, 42, 58, 47, 27, 11, 51, 48, 58, 4, 27, 15, 10, 30, 30, 36, 54, 57, 40, 53]
	Fitness: 1.222
	Solution: [41, 61, 24, 9, 34, 42, 16, 17, 21, 19, 41, 24, 58, 47, 27, 10, 48, 49, 56, 3, 27, 17, 10, 33, 30, 36, 48, 57, 32, 56]
	Fitness: 1.236
	Solution: [61, 54, 47, 9, 34, 42, 20, 17, 9, 21, 42, 50, 58, 47, 27, 14, 51, 48, 58, 4, 27, 15, 10, 31, 30, 36, 60, 57, 41, 53]
	Fitness: 1.217
	Solution: [56, 54, 50, 9, 34, 42, 20, 17, 18, 17, 41, 24, 58, 47, 27, 15, 51, 49, 57, 3, 27, 15, 10, 33, 30, 36, 48, 57, 35, 53]
	Fitness: 1.229
	Solution: [12, 63, 10, 9, 34, 42, 20, 16, 4, 17, 41, 23, 58, 47, 27, 46, 51, 49, 57, 3, 27, 15, 10, 32, 62, 36, 48, 57, 35, 53]
	Fitness: 1.241
	Solution: [56, 54, 50, 9, 34, 42, 20, 17, 18, 14, 41, 59, 58, 55, 27, 13, 51, 53, 59, 3, 27, 15, 10, 32, 30, 42, 48, 57, 41, 53]
	Fitness: 1.225
	Solution: [56, 54, 32, 9, 48, 42, 17, 17, 18, 17, 41, 24, 58, 47, 14, 15, 51, 49, 57, 3, 27, 15, 10, 33, 14, 36, 48, 57, 35, 57]
	Fitness: 1.216
	Solution: [25, 50, 24, 17, 45, 42, 27, 33, 4, 22, 34, 24, 58, 47, 26, 46, 51, 49, 33, 2, 27, 17, 14, 33, 16, 36, 48, 57, 35, 58]
	Fitness: 1.229
	Solution: [61, 54, 47, 9, 34, 42, 20, 17, 9, 13, 40, 50, 58, 47, 30, 14, 63, 58, 56, 3, 27, 31, 6, 31, 6, 36, 58, 57, 41, 53]
	Fitness: 1.216
BEST SOLUTION:
	Solution: [56, 54, 32, 9, 48, 42, 17, 17, 18, 17, 41, 24, 58, 47, 14, 15, 51, 49, 57, 3, 27, 15, 10, 33, 14, 36, 48, 57, 35, 57]
	Fitness: 1.216

