## EPOCH 0 ##
Population: 
	Solution: [54, 49, 27, 17, 33, 26, 50, 19, 31, 37, 58, 32, 18, 48, 40, 16, 58, 63, 52, 58, 20, 47, 58, 44, 30, 6, 28, 39, 58, 62]
	Fitness: 2.275
	Solution: [31, 55, 17, 52, 35, 1, 46, 26, 53, 43, 0, 32, 56, 16, 21, 56, 12, 36, 15, 62, 51, 29, 5, 20, 33, 60, 7, 35, 45, 35]
	Fitness: 3.673
	Solution: [52, 35, 62, 39, 38, 28, 38, 25, 37, 19, 12, 12, 39, 42, 30, 6, 48, 56, 59, 54, 57, 59, 35, 25, 45, 18, 52, 54, 57, 38]
	Fitness: 3.953
	Solution: [61, 37, 29, 42, 64, 59, 51, 5, 39, 31, 40, 54, 16, 47, 7, 14, 51, 21, 52, 6, 9, 45, 3, 37, 58, 34, 44, 2, 41, 39]
	Fitness: 1.304
	Solution: [37, 25, 24, 63, 2, 1, 62, 12, 8, 13, 51, 60, 1, 27, 6, 17, 14, 41, 22, 12, 32, 3, 6, 63, 13, 23, 47, 54, 59, 11]
	Fitness: 2.868
	Solution: [43, 62, 4, 43, 54, 22, 16, 38, 28, 11, 30, 26, 36, 33, 20, 23, 54, 16, 36, 1, 47, 21, 3, 18, 15, 61, 23, 18, 23, 61]
	Fitness: 3.104
	Solution: [41, 40, 46, 25, 27, 42, 0, 12, 21, 15, 41, 24, 56, 36, 27, 26, 45, 27, 42, 3, 29, 17, 10, 34, 31, 36, 48, 57, 32, 20]
	Fitness: 2.539
	Solution: [30, 52, 56, 52, 12, 64, 41, 5, 46, 63, 26, 43, 20, 14, 46, 0, 53, 34, 6, 8, 42, 56, 18, 63, 6, 55, 25, 5, 18, 29]
	Fitness: 4.19
	Solution: [51, 55, 9, 33, 42, 22, 56, 18, 1, 3, 44, 36, 61, 60, 58, 3, 48, 45, 42, 46, 58, 41, 24, 34, 13, 38, 1, 10, 21, 51]
	Fitness: 1.289
BEST SOLUTION:
	Solution: [51, 55, 9, 33, 42, 22, 56, 18, 1, 3, 44, 36, 61, 60, 58, 3, 48, 45, 42, 46, 58, 41, 24, 34, 13, 38, 1, 10, 21, 51]
	Fitness: 1.289

## EPOCH 1 ##
Population: 
	Solution: [41, 61, 24, 13, 35, 42, 2, 17, 21, 19, 41, 24, 58, 47, 27, 10, 52, 50, 42, 3, 27, 17, 10, 33, 30, 36, 48, 57, 32, 56]
	Fitness: 1.221
	Solution: [35, 55, 17, 52, 35, 1, 46, 33, 53, 43, 0, 32, 56, 15, 21, 58, 12, 36, 15, 62, 35, 12, 5, 23, 34, 60, 43, 35, 45, 35]
	Fitness: 1.524
	Solution: [52, 35, 62, 39, 38, 28, 38, 25, 37, 19, 12, 12, 39, 42, 30, 6, 48, 56, 59, 54, 57, 59, 35, 25, 45, 18, 52, 54, 57, 38]
	Fitness: 3.953
	Solution: [61, 37, 29, 42, 64, 59, 51, 5, 39, 31, 40, 54, 16, 47, 7, 14, 51, 21, 52, 6, 9, 45, 3, 37, 58, 34, 44, 2, 41, 39]
	Fitness: 1.304
	Solution: [61, 37, 6, 43, 64, 59, 51, 5, 31, 31, 40, 54, 6, 53, 19, 14, 51, 21, 58, 6, 52, 25, 3, 35, 47, 34, 22, 2, 6, 62]
	Fitness: 2.312
	Solution: [62, 56, 29, 33, 35, 47, 56, 5, 27, 10, 40, 50, 8, 55, 54, 3, 51, 40, 52, 49, 7, 45, 3, 37, 56, 34, 4, 2, 46, 39]
	Fitness: 2.935
	Solution: [41, 40, 46, 25, 27, 42, 0, 12, 21, 15, 41, 24, 56, 36, 27, 26, 45, 27, 42, 3, 29, 17, 10, 34, 31, 36, 48, 57, 32, 20]
	Fitness: 2.539
	Solution: [40, 52, 15, 52, 12, 64, 41, 5, 60, 15, 26, 30, 20, 15, 46, 0, 53, 35, 14, 53, 42, 56, 16, 63, 43, 55, 25, 36, 18, 26]
	Fitness: 4.141
	Solution: [52, 19, 38, 35, 38, 28, 26, 25, 37, 5, 12, 26, 61, 42, 30, 7, 48, 56, 59, 46, 58, 56, 35, 36, 45, 19, 52, 9, 51, 47]
	Fitness: 1.276
BEST SOLUTION:
	Solution: [41, 61, 24, 13, 35, 42, 2, 17, 21, 19, 41, 24, 58, 47, 27, 10, 52, 50, 42, 3, 27, 17, 10, 33, 30, 36, 48, 57, 32, 56]
	Fitness: 1.221

## EPOCH 2 ##
Population: 
	Solution: [41, 61, 24, 13, 35, 42, 2, 17, 21, 19, 41, 24, 58, 47, 27, 10, 52, 50, 42, 3, 27, 17, 10, 33, 30, 36, 48, 57, 32, 56]
	Fitness: 1.221
	Solution: [35, 55, 17, 52, 35, 1, 46, 33, 53, 43, 0, 32, 56, 15, 21, 58, 12, 36, 15, 62, 35, 12, 5, 23, 34, 60, 43, 35, 45, 35]
	Fitness: 1.524
	Solution: [41, 32, 24, 13, 33, 5, 2, 17, 21, 19, 25, 29, 58, 47, 27, 10, 47, 49, 60, 3, 27, 46, 10, 25, 30, 36, 48, 14, 24, 56]
	Fitness: 2.27
	Solution: [61, 37, 29, 42, 64, 59, 51, 5, 39, 31, 40, 54, 16, 47, 7, 14, 51, 21, 52, 6, 9, 45, 3, 37, 58, 34, 44, 2, 41, 39]
	Fitness: 1.304
	Solution: [61, 37, 6, 43, 64, 59, 51, 5, 31, 31, 40, 54, 6, 53, 19, 14, 51, 21, 58, 6, 52, 25, 3, 35, 47, 34, 22, 2, 6, 62]
	Fitness: 2.312
	Solution: [62, 56, 29, 33, 35, 47, 56, 5, 27, 10, 40, 50, 8, 55, 54, 3, 51, 40, 52, 49, 7, 45, 3, 37, 56, 34, 4, 2, 46, 39]
	Fitness: 2.935
	Solution: [41, 40, 46, 25, 27, 42, 0, 12, 21, 15, 41, 24, 56, 36, 27, 26, 45, 27, 42, 3, 29, 17, 10, 34, 31, 36, 48, 57, 32, 20]
	Fitness: 2.539
	Solution: [41, 49, 39, 58, 35, 7, 20, 6, 28, 15, 0, 41, 56, 36, 28, 26, 45, 27, 42, 3, 29, 17, 10, 23, 33, 37, 40, 61, 32, 37]
	Fitness: 2.216
	Solution: [52, 19, 38, 35, 38, 28, 26, 25, 37, 5, 12, 26, 61, 42, 30, 7, 48, 56, 59, 46, 58, 56, 35, 36, 45, 19, 52, 9, 51, 47]
	Fitness: 1.276
BEST SOLUTION:
	Solution: [41, 61, 24, 13, 35, 42, 2, 17, 21, 19, 41, 24, 58, 47, 27, 10, 52, 50, 42, 3, 27, 17, 10, 33, 30, 36, 48, 57, 32, 56]
	Fitness: 1.221

## EPOCH 3 ##
Population: 
	Solution: [41, 61, 24, 13, 35, 42, 2, 17, 21, 19, 41, 24, 58, 47, 27, 10, 52, 50, 42, 3, 27, 17, 10, 33, 30, 36, 48, 57, 32, 56]
	Fitness: 1.221
	Solution: [41, 61, 24, 13, 34, 42, 20, 17, 21, 19, 41, 24, 58, 47, 27, 10, 47, 49, 58, 3, 27, 16, 10, 30, 30, 36, 48, 5, 32, 56]
	Fitness: 1.269
	Solution: [64, 57, 29, 33, 35, 50, 57, 27, 27, 10, 44, 49, 57, 55, 54, 10, 51, 40, 43, 49, 7, 52, 0, 37, 56, 32, 14, 2, 46, 58]
	Fitness: 2.256
	Solution: [61, 37, 29, 42, 64, 59, 51, 5, 39, 31, 40, 54, 16, 47, 7, 14, 51, 21, 52, 6, 9, 45, 3, 37, 58, 34, 44, 2, 41, 39]
	Fitness: 1.304
	Solution: [61, 37, 6, 42, 64, 59, 51, 5, 31, 31, 40, 54, 14, 52, 19, 14, 51, 21, 58, 6, 52, 25, 3, 35, 47, 34, 54, 2, 8, 62]
	Fitness: 1.309
	Solution: [62, 56, 29, 33, 35, 47, 56, 5, 27, 10, 40, 50, 8, 55, 54, 3, 51, 40, 52, 49, 7, 45, 3, 37, 56, 34, 4, 2, 46, 39]
	Fitness: 2.935
	Solution: [41, 40, 46, 25, 27, 42, 0, 12, 21, 15, 41, 24, 56, 36, 27, 26, 45, 27, 42, 3, 29, 17, 10, 34, 31, 36, 48, 57, 32, 20]
	Fitness: 2.539
	Solution: [41, 61, 24, 47, 34, 42, 20, 17, 21, 15, 41, 38, 55, 47, 28, 10, 46, 49, 58, 3, 29, 16, 10, 20, 27, 36, 48, 5, 32, 56]
	Fitness: 1.288
	Solution: [52, 19, 38, 35, 38, 28, 26, 25, 37, 5, 12, 26, 61, 42, 30, 7, 48, 56, 59, 46, 58, 56, 35, 36, 45, 19, 52, 9, 51, 47]
	Fitness: 1.276
BEST SOLUTION:
	Solution: [41, 61, 24, 13, 35, 42, 2, 17, 21, 19, 41, 24, 58, 47, 27, 10, 52, 50, 42, 3, 27, 17, 10, 33, 30, 36, 48, 57, 32, 56]
	Fitness: 1.221

## EPOCH 4 ##
Population: 
	Solution: [41, 61, 24, 13, 35, 42, 2, 17, 21, 19, 41, 24, 58, 47, 27, 10, 52, 50, 42, 3, 27, 17, 10, 33, 30, 36, 48, 57, 32, 56]
	Fitness: 1.221
	Solution: [41, 61, 24, 47, 34, 42, 9, 51, 21, 15, 41, 38, 54, 47, 28, 7, 45, 50, 58, 3, 29, 16, 10, 20, 27, 36, 16, 5, 32, 56]
	Fitness: 1.259
	Solution: [64, 57, 29, 33, 35, 50, 57, 27, 27, 10, 44, 49, 57, 55, 54, 10, 51, 40, 43, 49, 7, 52, 0, 37, 56, 32, 14, 2, 46, 58]
	Fitness: 2.256
	Solution: [41, 59, 24, 13, 35, 42, 0, 17, 21, 19, 41, 24, 58, 47, 27, 21, 52, 50, 42, 3, 25, 6, 10, 33, 29, 36, 48, 57, 32, 56]
	Fitness: 1.229
	Solution: [61, 37, 6, 42, 64, 59, 51, 5, 31, 31, 40, 54, 14, 52, 19, 14, 51, 21, 58, 6, 52, 25, 3, 35, 47, 34, 54, 2, 8, 62]
	Fitness: 1.309
	Solution: [62, 56, 29, 33, 35, 47, 56, 5, 27, 10, 40, 50, 8, 55, 54, 3, 51, 40, 52, 49, 7, 45, 3, 37, 56, 34, 4, 2, 46, 39]
	Fitness: 2.935
	Solution: [41, 40, 46, 25, 27, 42, 0, 12, 21, 15, 41, 24, 56, 36, 27, 26, 45, 27, 42, 3, 29, 17, 10, 34, 31, 36, 48, 57, 32, 20]
	Fitness: 2.539
	Solution: [41, 61, 24, 47, 34, 42, 20, 17, 21, 15, 41, 38, 55, 47, 28, 10, 46, 49, 58, 3, 29, 16, 10, 20, 27, 36, 48, 5, 32, 56]
	Fitness: 1.288
	Solution: [52, 19, 38, 35, 38, 28, 26, 25, 37, 5, 12, 26, 61, 42, 30, 7, 48, 56, 59, 46, 58, 56, 35, 36, 45, 19, 52, 9, 51, 47]
	Fitness: 1.276
BEST SOLUTION:
	Solution: [41, 61, 24, 13, 35, 42, 2, 17, 21, 19, 41, 24, 58, 47, 27, 10, 52, 50, 42, 3, 27, 17, 10, 33, 30, 36, 48, 57, 32, 56]
	Fitness: 1.221

## EPOCH 5 ##
Population: 
	Solution: [41, 61, 24, 13, 35, 42, 2, 17, 21, 19, 41, 24, 58, 47, 27, 10, 52, 50, 42, 3, 27, 17, 10, 33, 30, 36, 48, 57, 32, 56]
	Fitness: 1.221
	Solution: [41, 61, 24, 47, 34, 42, 9, 51, 21, 15, 41, 38, 54, 47, 28, 7, 45, 50, 58, 3, 29, 16, 10, 20, 27, 36, 16, 5, 32, 56]
	Fitness: 1.259
	Solution: [64, 57, 29, 33, 35, 50, 57, 27, 27, 10, 44, 49, 57, 55, 54, 10, 51, 40, 43, 49, 7, 52, 0, 37, 56, 32, 14, 2, 46, 58]
	Fitness: 2.256
	Solution: [41, 59, 24, 13, 35, 42, 0, 17, 21, 19, 41, 24, 58, 47, 27, 21, 52, 50, 42, 3, 25, 6, 10, 33, 29, 36, 48, 57, 32, 56]
	Fitness: 1.229
	Solution: [61, 37, 6, 42, 64, 59, 51, 5, 31, 31, 40, 54, 14, 52, 19, 14, 51, 21, 58, 6, 52, 25, 3, 35, 47, 34, 54, 2, 8, 62]
	Fitness: 1.309
	Solution: [62, 56, 24, 29, 27, 47, 56, 20, 27, 10, 41, 43, 13, 53, 54, 3, 51, 40, 52, 9, 7, 39, 5, 37, 56, 35, 4, 2, 56, 45]
	Fitness: 2.82
	Solution: [18, 59, 32, 13, 22, 19, 0, 16, 21, 14, 41, 24, 58, 47, 27, 58, 52, 49, 42, 3, 30, 15, 10, 33, 30, 14, 48, 57, 32, 46]
	Fitness: 2.257
	Solution: [61, 63, 6, 42, 64, 59, 51, 5, 29, 31, 40, 54, 14, 52, 20, 14, 55, 21, 58, 6, 58, 25, 3, 18, 47, 34, 4, 3, 8, 56]
	Fitness: 1.287
	Solution: [52, 19, 38, 35, 38, 28, 26, 25, 37, 5, 12, 26, 61, 42, 30, 7, 48, 56, 59, 46, 58, 56, 35, 36, 45, 19, 52, 9, 51, 47]
	Fitness: 1.276
BEST SOLUTION:
	Solution: [41, 61, 24, 13, 35, 42, 2, 17, 21, 19, 41, 24, 58, 47, 27, 10, 52, 50, 42, 3, 27, 17, 10, 33, 30, 36, 48, 57, 32, 56]
	Fitness: 1.221

## EPOCH 6 ##
Population: 
	Solution: [41, 61, 24, 13, 35, 42, 2, 17, 21, 19, 41, 24, 58, 47, 27, 10, 52, 50, 42, 3, 27, 17, 10, 33, 30, 36, 48, 57, 32, 56]
	Fitness: 1.221
	Solution: [41, 61, 24, 47, 34, 42, 9, 51, 21, 15, 41, 38, 54, 47, 28, 7, 45, 50, 58, 3, 29, 16, 10, 20, 27, 36, 16, 5, 32, 56]
	Fitness: 1.259
	Solution: [52, 61, 46, 35, 38, 10, 26, 25, 34, 5, 41, 16, 61, 41, 30, 7, 48, 42, 59, 47, 58, 56, 35, 35, 53, 18, 22, 9, 51, 46]
	Fitness: 1.292
	Solution: [41, 59, 24, 13, 35, 42, 0, 17, 21, 19, 41, 24, 58, 47, 27, 21, 52, 50, 42, 3, 25, 6, 10, 33, 29, 36, 48, 57, 32, 56]
	Fitness: 1.229
	Solution: [41, 59, 24, 17, 35, 42, 0, 25, 21, 18, 41, 41, 54, 47, 28, 21, 51, 50, 38, 3, 25, 16, 10, 33, 29, 26, 53, 57, 32, 58]
	Fitness: 1.253
	Solution: [41, 59, 24, 16, 35, 42, 0, 25, 21, 17, 41, 41, 54, 47, 27, 21, 51, 50, 40, 3, 12, 5, 21, 33, 29, 28, 64, 57, 32, 58]
	Fitness: 2.142
	Solution: [48, 54, 27, 35, 37, 28, 13, 25, 37, 12, 12, 48, 11, 35, 30, 6, 54, 19, 59, 46, 58, 56, 35, 10, 12, 33, 1, 9, 14, 47]
	Fitness: 1.277
	Solution: [61, 63, 6, 42, 64, 59, 51, 5, 29, 31, 40, 54, 14, 52, 20, 14, 55, 21, 58, 6, 58, 25, 3, 18, 47, 34, 4, 3, 8, 56]
	Fitness: 1.287
	Solution: [52, 19, 38, 35, 38, 28, 26, 25, 37, 5, 12, 26, 61, 42, 30, 7, 48, 56, 59, 46, 58, 56, 35, 36, 45, 19, 52, 9, 51, 47]
	Fitness: 1.276
BEST SOLUTION:
	Solution: [41, 61, 24, 13, 35, 42, 2, 17, 21, 19, 41, 24, 58, 47, 27, 10, 52, 50, 42, 3, 27, 17, 10, 33, 30, 36, 48, 57, 32, 56]
	Fitness: 1.221

## EPOCH 7 ##
Population: 
	Solution: [41, 61, 24, 13, 35, 42, 2, 17, 21, 19, 41, 24, 58, 47, 27, 10, 52, 50, 42, 3, 27, 17, 10, 33, 30, 36, 48, 57, 32, 56]
	Fitness: 1.221
	Solution: [41, 60, 24, 17, 35, 42, 8, 12, 21, 14, 40, 41, 54, 47, 28, 12, 51, 50, 28, 3, 25, 16, 10, 30, 29, 35, 7, 57, 32, 58]
	Fitness: 1.255
	Solution: [52, 61, 46, 35, 38, 10, 26, 25, 34, 5, 41, 16, 61, 41, 30, 7, 48, 42, 59, 47, 58, 56, 35, 35, 53, 18, 22, 9, 51, 46]
	Fitness: 1.292
	Solution: [41, 59, 24, 13, 35, 42, 0, 17, 21, 19, 41, 24, 58, 47, 27, 21, 52, 50, 42, 3, 25, 6, 10, 33, 29, 36, 48, 57, 32, 56]
	Fitness: 1.229
	Solution: [41, 59, 24, 17, 35, 42, 0, 25, 21, 18, 41, 41, 54, 47, 28, 21, 51, 50, 38, 3, 25, 16, 10, 33, 29, 26, 53, 57, 32, 58]
	Fitness: 1.253
	Solution: [41, 59, 46, 32, 33, 42, 19, 25, 32, 19, 41, 24, 58, 41, 30, 17, 52, 50, 40, 3, 58, 6, 17, 33, 49, 36, 21, 44, 32, 56]
	Fitness: 1.245
	Solution: [48, 54, 27, 35, 37, 28, 13, 25, 37, 12, 12, 48, 11, 35, 30, 6, 54, 19, 59, 46, 58, 56, 35, 10, 12, 33, 1, 9, 14, 47]
	Fitness: 1.277
	Solution: [61, 63, 6, 42, 64, 59, 51, 5, 29, 31, 40, 54, 14, 52, 20, 14, 55, 21, 58, 6, 58, 25, 3, 18, 47, 34, 4, 3, 8, 56]
	Fitness: 1.287
	Solution: [52, 19, 38, 35, 38, 28, 26, 25, 37, 5, 12, 26, 61, 42, 30, 7, 48, 56, 59, 46, 58, 56, 35, 36, 45, 19, 52, 9, 51, 47]
	Fitness: 1.276
BEST SOLUTION:
	Solution: [41, 61, 24, 13, 35, 42, 2, 17, 21, 19, 41, 24, 58, 47, 27, 10, 52, 50, 42, 3, 27, 17, 10, 33, 30, 36, 48, 57, 32, 56]
	Fitness: 1.221

## EPOCH 8 ##
Population: 
	Solution: [41, 61, 24, 13, 35, 42, 2, 17, 21, 19, 41, 24, 58, 47, 27, 10, 52, 50, 42, 3, 27, 17, 10, 33, 30, 36, 48, 57, 32, 56]
	Fitness: 1.221
	Solution: [41, 60, 24, 17, 35, 42, 8, 12, 21, 14, 40, 41, 54, 47, 28, 12, 51, 50, 28, 3, 25, 16, 10, 30, 29, 35, 7, 57, 32, 58]
	Fitness: 1.255
	Solution: [52, 61, 46, 35, 38, 10, 26, 25, 34, 5, 41, 16, 61, 41, 30, 7, 48, 42, 59, 47, 58, 56, 35, 35, 53, 18, 22, 9, 51, 46]
	Fitness: 1.292
	Solution: [41, 59, 24, 13, 35, 42, 0, 17, 21, 19, 41, 24, 58, 47, 27, 21, 52, 50, 42, 3, 25, 6, 10, 33, 29, 36, 48, 57, 32, 56]
	Fitness: 1.229
	Solution: [41, 59, 24, 17, 35, 42, 0, 25, 21, 18, 41, 41, 54, 47, 28, 21, 51, 50, 38, 3, 25, 16, 10, 33, 29, 26, 53, 57, 32, 58]
	Fitness: 1.253
	Solution: [41, 59, 46, 32, 33, 42, 19, 25, 32, 19, 41, 24, 58, 41, 30, 17, 52, 50, 40, 3, 58, 6, 17, 33, 49, 36, 21, 44, 32, 56]
	Fitness: 1.245
	Solution: [48, 54, 27, 35, 37, 28, 13, 25, 37, 12, 12, 48, 11, 35, 30, 6, 54, 19, 59, 46, 58, 56, 35, 10, 12, 33, 1, 9, 14, 47]
	Fitness: 1.277
	Solution: [61, 63, 6, 42, 64, 59, 51, 5, 29, 31, 40, 54, 14, 52, 20, 14, 55, 21, 58, 6, 58, 25, 3, 18, 47, 34, 4, 3, 8, 56]
	Fitness: 1.287
	Solution: [52, 19, 38, 35, 38, 28, 26, 25, 37, 5, 12, 26, 61, 42, 30, 7, 48, 56, 59, 46, 58, 56, 35, 36, 45, 19, 52, 9, 51, 47]
	Fitness: 1.276
BEST SOLUTION:
	Solution: [41, 61, 24, 13, 35, 42, 2, 17, 21, 19, 41, 24, 58, 47, 27, 10, 52, 50, 42, 3, 27, 17, 10, 33, 30, 36, 48, 57, 32, 56]
	Fitness: 1.221

## EPOCH 9 ##
Population: 
	Solution: [41, 61, 24, 13, 35, 42, 2, 17, 21, 19, 41, 24, 58, 47, 27, 10, 52, 50, 42, 3, 27, 17, 10, 33, 30, 36, 48, 57, 32, 56]
	Fitness: 1.221
	Solution: [41, 60, 24, 17, 35, 42, 8, 12, 21, 14, 40, 41, 54, 47, 28, 12, 51, 50, 28, 3, 25, 16, 10, 30, 29, 35, 7, 57, 32, 58]
	Fitness: 1.255
	Solution: [26, 60, 24, 37, 33, 42, 8, 28, 21, 10, 47, 41, 54, 47, 26, 1, 51, 50, 44, 3, 25, 16, 10, 50, 42, 35, 7, 48, 50, 58]
	Fitness: 1.266
	Solution: [41, 58, 45, 13, 35, 42, 2, 17, 21, 19, 34, 24, 58, 47, 27, 10, 52, 50, 42, 3, 27, 8, 10, 33, 30, 51, 48, 57, 32, 56]
	Fitness: 1.221
	Solution: [41, 59, 24, 17, 35, 42, 0, 25, 21, 18, 41, 41, 54, 47, 28, 21, 51, 50, 38, 3, 25, 16, 10, 33, 29, 26, 53, 57, 32, 58]
	Fitness: 1.253
	Solution: [41, 59, 46, 32, 33, 42, 19, 25, 32, 19, 41, 24, 58, 41, 30, 17, 52, 50, 40, 3, 58, 6, 17, 33, 49, 36, 21, 44, 32, 56]
	Fitness: 1.245
	Solution: [48, 54, 27, 35, 37, 28, 13, 25, 37, 12, 12, 48, 11, 35, 30, 6, 54, 19, 59, 46, 58, 56, 35, 10, 12, 33, 1, 9, 14, 47]
	Fitness: 1.277
	Solution: [61, 63, 6, 42, 64, 59, 51, 5, 29, 31, 40, 54, 14, 52, 20, 14, 55, 21, 58, 6, 58, 25, 3, 18, 47, 34, 4, 3, 8, 56]
	Fitness: 1.287
	Solution: [52, 19, 38, 35, 38, 28, 26, 25, 37, 5, 12, 26, 61, 42, 30, 7, 48, 56, 59, 46, 58, 56, 35, 36, 45, 19, 52, 9, 51, 47]
	Fitness: 1.276
BEST SOLUTION:
	Solution: [41, 61, 24, 13, 35, 42, 2, 17, 21, 19, 41, 24, 58, 47, 27, 10, 52, 50, 42, 3, 27, 17, 10, 33, 30, 36, 48, 57, 32, 56]
	Fitness: 1.221

## EPOCH 10 ##
Population: 
	Solution: [41, 61, 24, 13, 35, 42, 2, 17, 21, 19, 41, 24, 58, 47, 27, 10, 52, 50, 42, 3, 27, 17, 10, 33, 30, 36, 48, 57, 32, 56]
	Fitness: 1.221
	Solution: [41, 60, 24, 17, 35, 42, 8, 12, 21, 14, 40, 41, 54, 47, 28, 12, 51, 50, 28, 3, 25, 16, 10, 30, 29, 35, 7, 57, 32, 58]
	Fitness: 1.255
	Solution: [26, 60, 24, 37, 33, 42, 8, 28, 21, 10, 47, 41, 54, 47, 26, 1, 51, 50, 44, 3, 25, 16, 10, 50, 42, 35, 7, 48, 50, 58]
	Fitness: 1.266
	Solution: [41, 58, 45, 13, 35, 42, 2, 17, 21, 19, 34, 24, 58, 47, 27, 10, 52, 50, 42, 3, 27, 8, 10, 33, 30, 51, 48, 57, 32, 56]
	Fitness: 1.221
	Solution: [41, 58, 45, 19, 35, 42, 1, 13, 21, 17, 34, 38, 58, 47, 27, 47, 52, 58, 41, 3, 27, 15, 10, 33, 30, 51, 48, 31, 32, 56]
	Fitness: 1.252
	Solution: [41, 59, 46, 32, 33, 42, 19, 25, 32, 19, 41, 24, 58, 41, 30, 17, 52, 50, 40, 3, 58, 6, 17, 33, 49, 36, 21, 44, 32, 56]
	Fitness: 1.245
	Solution: [41, 60, 27, 34, 35, 42, 2, 17, 21, 19, 34, 24, 58, 47, 27, 10, 52, 50, 42, 3, 18, 8, 10, 33, 30, 51, 48, 57, 32, 56]
	Fitness: 1.231
	Solution: [41, 59, 45, 34, 35, 42, 1, 13, 14, 17, 34, 33, 58, 47, 27, 47, 52, 56, 41, 3, 18, 15, 10, 33, 30, 51, 53, 14, 32, 56]
	Fitness: 1.255
	Solution: [52, 19, 38, 35, 38, 28, 26, 25, 37, 5, 12, 26, 61, 42, 30, 7, 48, 56, 59, 46, 58, 56, 35, 36, 45, 19, 52, 9, 51, 47]
	Fitness: 1.276
BEST SOLUTION:
	Solution: [41, 61, 24, 13, 35, 42, 2, 17, 21, 19, 41, 24, 58, 47, 27, 10, 52, 50, 42, 3, 27, 17, 10, 33, 30, 36, 48, 57, 32, 56]
	Fitness: 1.221

## EPOCH 11 ##
Population: 
	Solution: [41, 61, 24, 13, 35, 42, 2, 17, 21, 19, 41, 24, 58, 47, 27, 10, 52, 50, 42, 3, 27, 17, 10, 33, 30, 36, 48, 57, 32, 56]
	Fitness: 1.221
	Solution: [9, 58, 20, 39, 12, 42, 6, 2, 21, 17, 43, 40, 58, 47, 26, 47, 52, 58, 41, 3, 27, 15, 16, 16, 42, 51, 48, 31, 34, 55]
	Fitness: 1.244
	Solution: [26, 60, 24, 37, 33, 42, 8, 28, 21, 10, 47, 41, 54, 47, 26, 1, 51, 50, 44, 3, 25, 16, 10, 50, 42, 35, 7, 48, 50, 58]
	Fitness: 1.266
	Solution: [41, 58, 45, 13, 35, 42, 2, 17, 21, 19, 34, 24, 58, 47, 27, 10, 52, 50, 42, 3, 27, 8, 10, 33, 30, 51, 48, 57, 32, 56]
	Fitness: 1.221
	Solution: [41, 58, 45, 19, 35, 42, 1, 13, 21, 17, 34, 38, 58, 47, 27, 47, 52, 58, 41, 3, 27, 15, 10, 33, 30, 51, 48, 31, 32, 56]
	Fitness: 1.252
	Solution: [41, 59, 46, 32, 33, 42, 19, 25, 32, 19, 41, 24, 58, 41, 30, 17, 52, 50, 40, 3, 58, 6, 17, 33, 49, 36, 21, 44, 32, 56]
	Fitness: 1.245
	Solution: [41, 60, 27, 34, 35, 42, 2, 17, 21, 19, 34, 24, 58, 47, 27, 10, 52, 50, 42, 3, 18, 8, 10, 33, 30, 51, 48, 57, 32, 56]
	Fitness: 1.231
	Solution: [41, 59, 45, 34, 35, 42, 1, 13, 14, 17, 34, 33, 58, 47, 27, 47, 52, 56, 41, 3, 18, 15, 10, 33, 30, 51, 53, 14, 32, 56]
	Fitness: 1.255
	Solution: [52, 19, 38, 35, 38, 28, 26, 25, 37, 5, 12, 26, 61, 42, 30, 7, 48, 56, 59, 46, 58, 56, 35, 36, 45, 19, 52, 9, 51, 47]
	Fitness: 1.276
BEST SOLUTION:
	Solution: [41, 61, 24, 13, 35, 42, 2, 17, 21, 19, 41, 24, 58, 47, 27, 10, 52, 50, 42, 3, 27, 17, 10, 33, 30, 36, 48, 57, 32, 56]
	Fitness: 1.221

## EPOCH 12 ##
Population: 
	Solution: [41, 61, 24, 13, 35, 42, 2, 17, 21, 19, 41, 24, 58, 47, 27, 10, 52, 50, 42, 3, 27, 17, 10, 33, 30, 36, 48, 57, 32, 56]
	Fitness: 1.221
	Solution: [9, 58, 20, 39, 12, 42, 6, 2, 21, 17, 43, 40, 58, 47, 26, 47, 52, 58, 41, 3, 27, 15, 16, 16, 42, 51, 48, 31, 34, 55]
	Fitness: 1.244
	Solution: [26, 60, 24, 37, 33, 42, 8, 28, 21, 10, 47, 41, 54, 47, 26, 1, 51, 50, 44, 3, 25, 16, 10, 50, 42, 35, 7, 48, 50, 58]
	Fitness: 1.266
	Solution: [41, 58, 45, 13, 35, 42, 2, 17, 21, 19, 34, 24, 58, 47, 27, 10, 52, 50, 42, 3, 27, 8, 10, 33, 30, 51, 48, 57, 32, 56]
	Fitness: 1.221
	Solution: [41, 58, 45, 19, 35, 42, 1, 13, 21, 17, 34, 38, 58, 47, 27, 47, 52, 58, 41, 3, 27, 15, 10, 33, 30, 51, 48, 31, 32, 56]
	Fitness: 1.252
	Solution: [41, 59, 46, 32, 33, 42, 19, 25, 32, 19, 41, 24, 58, 41, 30, 17, 52, 50, 40, 3, 58, 6, 17, 33, 49, 36, 21, 44, 32, 56]
	Fitness: 1.245
	Solution: [41, 60, 26, 34, 35, 42, 2, 17, 21, 19, 34, 24, 58, 47, 27, 10, 52, 50, 42, 3, 18, 8, 10, 1, 30, 51, 48, 57, 32, 56]
	Fitness: 1.23
	Solution: [41, 59, 45, 34, 35, 42, 1, 13, 14, 17, 34, 33, 58, 47, 27, 47, 52, 56, 41, 3, 18, 15, 10, 33, 30, 51, 53, 14, 32, 56]
	Fitness: 1.255
	Solution: [41, 60, 45, 37, 35, 44, 25, 17, 21, 19, 5, 24, 58, 47, 27, 13, 52, 50, 42, 3, 18, 6, 28, 43, 60, 51, 48, 47, 32, 56]
	Fitness: 1.25
BEST SOLUTION:
	Solution: [41, 61, 24, 13, 35, 42, 2, 17, 21, 19, 41, 24, 58, 47, 27, 10, 52, 50, 42, 3, 27, 17, 10, 33, 30, 36, 48, 57, 32, 56]
	Fitness: 1.221

## EPOCH 13 ##
Population: 
	Solution: [41, 61, 24, 13, 35, 42, 2, 17, 21, 19, 41, 24, 58, 47, 27, 10, 52, 50, 42, 3, 27, 17, 10, 33, 30, 36, 48, 57, 32, 56]
	Fitness: 1.221
	Solution: [41, 57, 17, 14, 35, 57, 16, 20, 21, 19, 41, 24, 58, 47, 27, 49, 52, 48, 42, 3, 17, 17, 10, 33, 30, 38, 48, 57, 32, 56]
	Fitness: 1.231
	Solution: [41, 61, 24, 13, 35, 42, 16, 17, 21, 19, 41, 24, 58, 47, 27, 7, 52, 48, 42, 3, 27, 17, 10, 33, 30, 36, 48, 57, 32, 56]
	Fitness: 1.228
	Solution: [41, 58, 45, 13, 35, 42, 2, 17, 21, 19, 34, 24, 58, 47, 27, 10, 52, 50, 42, 3, 27, 8, 10, 33, 30, 51, 48, 57, 32, 56]
	Fitness: 1.221
	Solution: [41, 58, 45, 28, 35, 42, 0, 17, 3, 19, 34, 18, 58, 47, 27, 6, 57, 59, 41, 3, 27, 8, 10, 33, 30, 51, 48, 57, 32, 56]
	Fitness: 1.22
	Solution: [41, 57, 22, 13, 35, 42, 16, 17, 21, 19, 40, 24, 58, 47, 27, 6, 52, 8, 42, 3, 27, 0, 10, 33, 30, 31, 48, 57, 32, 63]
	Fitness: 1.233
	Solution: [41, 60, 26, 34, 35, 42, 2, 17, 21, 19, 34, 24, 58, 47, 27, 10, 52, 50, 42, 3, 18, 8, 10, 1, 30, 51, 48, 57, 32, 56]
	Fitness: 1.23
	Solution: [41, 59, 45, 34, 35, 42, 1, 13, 14, 17, 34, 33, 58, 47, 27, 47, 52, 56, 41, 3, 18, 15, 10, 33, 30, 51, 53, 14, 32, 56]
	Fitness: 1.255
	Solution: [41, 60, 24, 30, 35, 42, 3, 17, 21, 19, 40, 24, 58, 47, 43, 10, 52, 48, 41, 3, 27, 17, 10, 38, 30, 51, 48, 57, 58, 56]
	Fitness: 1.234
BEST SOLUTION:
	Solution: [41, 58, 45, 28, 35, 42, 0, 17, 3, 19, 34, 18, 58, 47, 27, 6, 57, 59, 41, 3, 27, 8, 10, 33, 30, 51, 48, 57, 32, 56]
	Fitness: 1.22

## EPOCH 14 ##
Population: 
	Solution: [41, 61, 24, 13, 35, 42, 2, 17, 21, 19, 41, 24, 58, 47, 27, 10, 52, 50, 42, 3, 27, 17, 10, 33, 30, 36, 48, 57, 32, 56]
	Fitness: 1.221
	Solution: [41, 57, 17, 14, 35, 57, 16, 20, 21, 19, 41, 24, 58, 47, 27, 49, 52, 48, 42, 3, 17, 17, 10, 33, 30, 38, 48, 57, 32, 56]
	Fitness: 1.231
	Solution: [41, 59, 22, 14, 35, 56, 16, 17, 21, 19, 41, 24, 58, 47, 27, 40, 52, 48, 42, 3, 27, 17, 10, 33, 30, 37, 48, 57, 32, 56]
	Fitness: 1.227
	Solution: [41, 58, 45, 13, 35, 42, 2, 17, 21, 19, 34, 24, 58, 47, 27, 10, 52, 50, 42, 3, 27, 8, 10, 33, 30, 51, 48, 57, 32, 56]
	Fitness: 1.221
	Solution: [41, 58, 45, 28, 35, 42, 0, 17, 3, 19, 34, 18, 58, 47, 27, 6, 57, 59, 41, 3, 27, 8, 10, 33, 30, 51, 48, 57, 32, 56]
	Fitness: 1.22
	Solution: [41, 57, 22, 13, 35, 42, 16, 17, 21, 19, 40, 24, 58, 47, 27, 6, 52, 8, 42, 3, 27, 0, 10, 33, 30, 31, 48, 57, 32, 63]
	Fitness: 1.233
	Solution: [41, 59, 24, 30, 35, 25, 11, 17, 21, 19, 40, 24, 58, 47, 44, 10, 36, 55, 41, 3, 27, 1, 10, 31, 30, 51, 48, 57, 58, 56]
	Fitness: 1.229
	Solution: [41, 57, 17, 19, 35, 62, 16, 49, 14, 19, 40, 24, 58, 47, 27, 42, 45, 48, 42, 3, 16, 5, 10, 32, 30, 2, 48, 57, 56, 57]
	Fitness: 1.235
	Solution: [41, 59, 25, 44, 48, 42, 12, 17, 21, 15, 41, 24, 58, 47, 49, 40, 52, 48, 41, 3, 27, 17, 10, 37, 30, 31, 48, 57, 32, 56]
	Fitness: 1.211
BEST SOLUTION:
	Solution: [41, 59, 25, 44, 48, 42, 12, 17, 21, 15, 41, 24, 58, 47, 49, 40, 52, 48, 41, 3, 27, 17, 10, 37, 30, 31, 48, 57, 32, 56]
	Fitness: 1.211

## EPOCH 15 ##
Population: 
	Solution: [41, 61, 24, 13, 35, 42, 2, 17, 21, 19, 41, 24, 58, 47, 27, 10, 52, 50, 42, 3, 27, 17, 10, 33, 30, 36, 48, 57, 32, 56]
	Fitness: 1.221
	Solution: [41, 57, 17, 14, 35, 57, 16, 20, 21, 19, 41, 24, 58, 47, 27, 49, 52, 48, 42, 3, 17, 17, 10, 33, 30, 38, 48, 57, 32, 56]
	Fitness: 1.231
	Solution: [41, 59, 22, 14, 35, 56, 16, 17, 21, 19, 41, 24, 58, 47, 27, 40, 52, 48, 42, 3, 27, 17, 10, 33, 30, 37, 48, 57, 32, 56]
	Fitness: 1.227
	Solution: [41, 58, 45, 13, 35, 42, 2, 17, 21, 19, 34, 24, 58, 47, 27, 10, 52, 50, 42, 3, 27, 8, 10, 33, 30, 51, 48, 57, 32, 56]
	Fitness: 1.221
	Solution: [41, 58, 45, 28, 35, 42, 0, 17, 3, 19, 34, 18, 58, 47, 27, 6, 57, 59, 41, 3, 27, 8, 10, 33, 30, 51, 48, 57, 32, 56]
	Fitness: 1.22
	Solution: [41, 57, 22, 13, 35, 42, 16, 17, 21, 19, 40, 24, 58, 47, 27, 6, 52, 8, 42, 3, 27, 0, 10, 33, 30, 31, 48, 57, 32, 63]
	Fitness: 1.233
	Solution: [41, 59, 24, 30, 35, 25, 11, 17, 21, 19, 40, 24, 58, 47, 44, 10, 36, 55, 41, 3, 27, 1, 10, 31, 30, 51, 48, 57, 58, 56]
	Fitness: 1.229
	Solution: [41, 57, 17, 19, 35, 62, 16, 49, 14, 19, 40, 24, 58, 47, 27, 42, 45, 48, 42, 3, 16, 5, 10, 32, 30, 2, 48, 57, 56, 57]
	Fitness: 1.235
	Solution: [41, 59, 25, 44, 48, 42, 12, 17, 21, 15, 41, 24, 58, 47, 49, 40, 52, 48, 41, 3, 27, 17, 10, 37, 30, 31, 48, 57, 32, 56]
	Fitness: 1.211
BEST SOLUTION:
	Solution: [41, 59, 25, 44, 48, 42, 12, 17, 21, 15, 41, 24, 58, 47, 49, 40, 52, 48, 41, 3, 27, 17, 10, 37, 30, 31, 48, 57, 32, 56]
	Fitness: 1.211

## EPOCH 16 ##
Population: 
	Solution: [41, 61, 24, 13, 35, 42, 2, 17, 21, 19, 41, 24, 58, 47, 27, 10, 52, 50, 42, 3, 27, 17, 10, 33, 30, 36, 48, 57, 32, 56]
	Fitness: 1.221
	Solution: [41, 57, 17, 14, 35, 57, 16, 20, 21, 19, 41, 24, 58, 47, 27, 49, 52, 48, 42, 3, 17, 17, 10, 33, 30, 38, 48, 57, 32, 56]
	Fitness: 1.231
	Solution: [41, 59, 22, 14, 35, 56, 16, 17, 21, 19, 41, 24, 58, 47, 27, 40, 52, 48, 42, 3, 27, 17, 10, 33, 30, 37, 48, 57, 32, 56]
	Fitness: 1.227
	Solution: [41, 58, 45, 13, 35, 42, 2, 17, 21, 19, 34, 24, 58, 47, 27, 10, 52, 50, 42, 3, 27, 8, 10, 33, 30, 51, 48, 57, 32, 56]
	Fitness: 1.221
	Solution: [41, 58, 45, 28, 35, 42, 0, 17, 3, 19, 34, 18, 58, 47, 27, 6, 57, 59, 41, 3, 27, 8, 10, 33, 30, 51, 48, 57, 32, 56]
	Fitness: 1.22
	Solution: [41, 57, 22, 13, 35, 42, 16, 17, 21, 19, 40, 24, 58, 47, 27, 6, 52, 8, 42, 3, 27, 0, 10, 33, 30, 31, 48, 57, 32, 63]
	Fitness: 1.233
	Solution: [41, 59, 24, 30, 35, 25, 11, 17, 21, 19, 40, 24, 58, 47, 44, 10, 36, 55, 41, 3, 27, 1, 10, 31, 30, 51, 48, 57, 58, 56]
	Fitness: 1.229
	Solution: [35, 37, 16, 33, 35, 4, 0, 17, 11, 19, 33, 23, 58, 47, 27, 6, 57, 57, 42, 3, 18, 12, 10, 33, 30, 50, 50, 57, 56, 56]
	Fitness: 1.224
	Solution: [41, 59, 25, 44, 48, 42, 12, 17, 21, 15, 41, 24, 58, 47, 49, 40, 52, 48, 41, 3, 27, 17, 10, 37, 30, 31, 48, 57, 32, 56]
	Fitness: 1.211
BEST SOLUTION:
	Solution: [41, 59, 25, 44, 48, 42, 12, 17, 21, 15, 41, 24, 58, 47, 49, 40, 52, 48, 41, 3, 27, 17, 10, 37, 30, 31, 48, 57, 32, 56]
	Fitness: 1.211

## EPOCH 17 ##
Population: 
	Solution: [41, 61, 24, 13, 35, 42, 2, 17, 21, 19, 41, 24, 58, 47, 27, 10, 52, 50, 42, 3, 27, 17, 10, 33, 30, 36, 48, 57, 32, 56]
	Fitness: 1.221
	Solution: [41, 57, 56, 14, 35, 57, 16, 20, 6, 19, 41, 24, 58, 47, 27, 10, 56, 48, 42, 3, 17, 11, 10, 19, 30, 36, 48, 57, 32, 56]
	Fitness: 1.218
	Solution: [41, 59, 22, 14, 35, 56, 16, 17, 21, 19, 41, 24, 58, 47, 27, 40, 52, 48, 42, 3, 27, 17, 10, 33, 30, 37, 48, 57, 32, 56]
	Fitness: 1.227
	Solution: [41, 58, 45, 13, 35, 42, 2, 17, 21, 19, 34, 24, 58, 47, 27, 10, 52, 50, 42, 3, 27, 8, 10, 33, 30, 51, 48, 57, 32, 56]
	Fitness: 1.221
	Solution: [41, 58, 45, 28, 35, 42, 0, 17, 3, 19, 34, 18, 58, 47, 27, 6, 57, 59, 41, 3, 27, 8, 10, 33, 30, 51, 48, 57, 32, 56]
	Fitness: 1.22
	Solution: [41, 59, 22, 14, 35, 39, 16, 17, 21, 19, 40, 24, 58, 47, 27, 7, 52, 9, 42, 3, 27, 4, 10, 33, 30, 37, 50, 57, 32, 56]
	Fitness: 1.218
	Solution: [41, 59, 24, 30, 35, 25, 11, 17, 21, 19, 40, 24, 58, 47, 44, 10, 36, 55, 41, 3, 27, 1, 10, 31, 30, 51, 48, 57, 58, 56]
	Fitness: 1.229
	Solution: [35, 37, 16, 33, 35, 4, 0, 17, 11, 19, 33, 23, 58, 47, 27, 6, 57, 57, 42, 3, 18, 12, 10, 33, 30, 50, 50, 57, 56, 56]
	Fitness: 1.224
	Solution: [41, 59, 25, 44, 48, 42, 12, 17, 21, 15, 41, 24, 58, 47, 49, 40, 52, 48, 41, 3, 27, 17, 10, 37, 30, 31, 48, 57, 32, 56]
	Fitness: 1.211
BEST SOLUTION:
	Solution: [41, 59, 25, 44, 48, 42, 12, 17, 21, 15, 41, 24, 58, 47, 49, 40, 52, 48, 41, 3, 27, 17, 10, 37, 30, 31, 48, 57, 32, 56]
	Fitness: 1.211

## EPOCH 18 ##
Population: 
	Solution: [41, 61, 24, 13, 35, 42, 2, 17, 21, 19, 41, 24, 58, 47, 27, 10, 52, 50, 42, 3, 27, 17, 10, 33, 30, 36, 48, 57, 32, 56]
	Fitness: 1.221
	Solution: [41, 57, 56, 14, 35, 57, 16, 20, 6, 19, 41, 24, 58, 47, 27, 10, 56, 48, 42, 3, 17, 11, 10, 19, 30, 36, 48, 57, 32, 56]
	Fitness: 1.218
	Solution: [41, 59, 22, 14, 35, 56, 16, 17, 21, 19, 41, 24, 58, 47, 27, 40, 52, 48, 42, 3, 27, 17, 10, 33, 30, 37, 48, 57, 32, 56]
	Fitness: 1.227
	Solution: [41, 58, 45, 13, 35, 42, 2, 17, 21, 19, 34, 24, 58, 47, 27, 10, 52, 50, 42, 3, 27, 8, 10, 33, 30, 51, 48, 57, 32, 56]
	Fitness: 1.221
	Solution: [41, 58, 45, 28, 35, 42, 0, 17, 3, 19, 34, 18, 58, 47, 27, 6, 57, 59, 41, 3, 27, 8, 10, 33, 30, 51, 48, 57, 32, 56]
	Fitness: 1.22
	Solution: [41, 59, 22, 14, 35, 39, 16, 17, 21, 19, 40, 24, 58, 47, 27, 7, 52, 9, 42, 3, 27, 4, 10, 33, 30, 37, 50, 57, 32, 56]
	Fitness: 1.218
	Solution: [41, 63, 53, 13, 35, 42, 2, 17, 26, 19, 35, 24, 58, 47, 27, 53, 52, 50, 42, 3, 27, 7, 10, 33, 30, 36, 48, 57, 32, 12]
	Fitness: 1.223
	Solution: [35, 37, 16, 33, 35, 4, 0, 17, 11, 19, 33, 23, 58, 47, 27, 6, 57, 57, 42, 3, 18, 12, 10, 33, 30, 50, 50, 57, 56, 56]
	Fitness: 1.224
	Solution: [41, 59, 25, 44, 48, 42, 12, 17, 21, 15, 41, 24, 58, 47, 49, 40, 52, 48, 41, 3, 27, 17, 10, 37, 30, 31, 48, 57, 32, 56]
	Fitness: 1.211
BEST SOLUTION:
	Solution: [41, 59, 25, 44, 48, 42, 12, 17, 21, 15, 41, 24, 58, 47, 49, 40, 52, 48, 41, 3, 27, 17, 10, 37, 30, 31, 48, 57, 32, 56]
	Fitness: 1.211

